Date,Close/Last,Volume,Open,High,Low
09/02/2025,2.8409,N/A,2.7978,2.8635,2.8261
09/01/2025,2.7985,N/A,2.7437,2.8001,2.7491
08/31/2025,2.7414,N/A,2.851,2.7784,2.7271
08/30/2025,2.8485,N/A,2.8128,2.8682,2.8182
08/29/2025,2.8137,N/A,2.9394,2.8246,2.7662
08/28/2025,2.9445,N/A,2.9819,2.9762,2.9381
08/27/2025,2.976,N/A,3.0044,2.9891,2.9554
08/26/2025,3.0105,N/A,2.885,3.0118,2.9819
08/25/2025,2.89,N/A,3.0218,2.8971,2.8517
08/24/2025,3.0405,N/A,3.053,3.0525,2.9744
08/23/2025,3.0495,N/A,2.9935,3.0853,3.0452
08/22/2025,2.9893,N/A,2.8325,3.0746,2.9696
08/21/2025,2.827,N/A,2.9297,2.8847,2.827
08/20/2025,2.9358,N/A,2.8872,2.9556,2.9134
08/19/2025,2.8875,N/A,2.9904,2.8998,2.8518
08/18/2025,2.988,N/A,2.9909,3.0798,2.9872
08/17/2025,2.9822,N/A,3.1204,3.0913,2.9701
08/16/2025,3.1139,N/A,3.1184,3.1174,3.0735
08/15/2025,3.1106,N/A,3.1175,3.1147,3.0735
08/14/2025,3.1158,N/A,3.3275,3.1223,3.0738
08/13/2025,3.3303,N/A,3.2424,3.3508,3.2719
08/12/2025,3.2485,N/A,3.1484,3.2675,3.2067
08/11/2025,3.1512,N/A,3.2655,3.1758,3.1299
08/10/2025,3.1749,N/A,3.2506,3.2788,3.155
08/09/2025,3.258,N/A,3.2911,3.2629,3.2198
08/08/2025,3.2922,N/A,3.3739,3.3123,3.281
08/07/2025,3.3675,N/A,2.9686,3.373,3.2759
08/06/2025,2.9733,N/A,2.9143,3.0102,2.968
08/05/2025,2.9206,N/A,3.0387,2.9637,2.9101
08/04/2025,3.0412,N/A,2.9985,3.1066,3.035
08/03/2025,2.9997,N/A,2.8369,3.03,2.9338
08/02/2025,2.8395,N/A,2.982,2.8406,2.7295
08/01/2025,2.9761,N/A,2.9983,2.9841,2.9501
07/31/2025,3.0002,N/A,3.1384,3.0251,2.9313
07/30/2025,3.145,N/A,3.1381,3.145,3.0879
07/29/2025,3.145,N/A,3.1414,3.1498,3.0946
07/28/2025,3.1356,N/A,3.2691,3.1468,3.0826
07/27/2025,3.2712,N/A,3.1991,3.2921,3.2243
07/26/2025,3.1786,N/A,3.1396,3.2173,3.1094
07/25/2025,3.1453,N/A,3.0692,3.1616,3.1094
07/24/2025,3.068,N/A,3.1915,3.1603,3.0472
07/23/2025,3.2012,N/A,3.4918,3.2355,3.154
07/22/2025,3.4928,N/A,3.50,3.5514,3.4899
07/21/2025,3.4928,N/A,3.4791,3.5734,3.4665
07/20/2025,3.478,N/A,3.4353,3.4892,3.4092
07/19/2025,3.4374,N/A,3.4498,3.4511,3.3877
07/18/2025,3.4533,N/A,3.606,3.4778,3.4024
07/17/2025,3.616,N/A,3.0264,3.6556,3.4672
07/16/2025,2.9229,N/A,2.8749,2.9357,2.8799
07/15/2025,2.9033,N/A,2.8496,2.9357,2.8799
07/14/2025,2.8524,N/A,2.9257,2.9549,2.8067
07/13/2025,2.9267,N/A,2.7667,2.9442,2.8241
07/12/2025,2.7686,N/A,2.7982,2.7835,2.7249
07/11/2025,2.7359,N/A,2.5467,2.9691,2.5139
07/10/2025,2.5723,N/A,2.4206,2.5924,2.5139
07/09/2025,2.4205,N/A,2.3032,2.4367,2.3966
07/08/2025,2.3032,N/A,2.2633,2.3178,2.2979
07/07/2025,2.2641,N/A,2.2706,2.2725,2.2489
07/06/2025,2.2741,N/A,2.2166,2.2791,2.2577
07/05/2025,2.2149,N/A,2.2257,2.2218,2.2092
07/04/2025,2.2256,N/A,2.2486,2.2275,2.211
07/03/2025,2.2484,N/A,2.2427,2.2678,2.241
07/02/2025,2.2438,N/A,2.1864,2.2475,2.2257
07/01/2025,2.1856,N/A,2.2374,2.1861,2.1596
06/30/2025,2.2369,N/A,2.1974,2.2529,2.2243
06/29/2025,2.1984,N/A,2.1838,2.2108,2.1955
06/28/2025,2.1857,N/A,2.1854,2.1899,2.1758
06/27/2025,2.1828,N/A,2.1057,2.1908,2.1347
06/26/2025,2.1077,N/A,2.1957,2.1106,2.0822
06/25/2025,2.1934,N/A,2.1785,2.2122,2.1809
06/24/2025,2.1803,N/A,2.1509,2.1977,2.1781
06/23/2025,2.1501,N/A,2.0183,2.1659,2.1322
06/22/2025,2.0163,N/A,2.0592,2.0319,2.0043
06/21/2025,2.0537,N/A,2.1301,2.0874,2.0412
06/20/2025,2.1316,N/A,2.1552,2.1324,2.116
06/19/2025,2.1574,N/A,2.1665,2.173,2.1565
06/18/2025,2.1615,N/A,2.1676,2.1828,2.1564
06/17/2025,2.1647,N/A,2.2514,2.1773,2.1525
06/16/2025,2.2497,N/A,2.1723,2.2563,2.2042
06/15/2025,2.1741,N/A,2.1532,2.1862,2.1517
06/14/2025,2.152,N/A,2.159,2.1537,2.1383
06/13/2025,2.1559,N/A,2.1261,2.1586,2.1332
06/12/2025,2.1225,N/A,2.2441,2.191,2.085
06/11/2025,2.2469,N/A,2.2978,2.2729,2.2382
06/10/2025,2.3079,N/A,2.2677,2.3258,2.2709
06/09/2025,2.3007,N/A,2.2427,2.3258,2.2984
06/08/2025,2.2159,N/A,2.1762,2.2238,2.167
06/07/2025,2.1811,N/A,2.1734,2.1907,2.1482
06/06/2025,2.1772,N/A,2.1299,2.1783,2.1482
06/05/2025,2.1239,N/A,2.2056,2.1254,2.0834
06/04/2025,2.2045,N/A,2.2527,2.2147,2.1982
06/03/2025,2.2569,N/A,2.1961,2.2654,2.2307
06/02/2025,2.1947,N/A,2.1576,2.2214,2.1887
06/01/2025,2.1586,N/A,2.164,2.1831,2.1515
05/31/2025,2.1378,N/A,2.207,2.1503,2.0814
05/30/2025,2.1112,N/A,2.217,2.148,2.0814
05/29/2025,2.2185,N/A,2.2918,2.2518,2.1532
05/28/2025,2.292,N/A,2.3127,2.311,2.2679
05/27/2025,2.3108,N/A,2.2963,2.3224,2.3032
05/26/2025,2.2987,N/A,2.3424,2.3168,2.2695
05/25/2025,2.3433,N/A,2.323,2.3524,2.3317
05/24/2025,2.3242,N/A,2.3338,2.3362,2.2951
05/23/2025,2.3318,N/A,2.4744,2.3363,2.2882
05/22/2025,2.4719,N/A,2.4171,2.4797,2.4228
05/21/2025,2.4204,N/A,2.3589,2.4223,2.3907
05/20/2025,2.3625,N/A,2.3825,2.3675,2.3325
05/19/2025,2.3796,N/A,2.3497,2.4084,2.3749
05/18/2025,2.3555,N/A,2.3586,2.4385,2.3527
05/17/2025,2.3578,N/A,2.3702,2.3686,2.3498
05/16/2025,2.3582,N/A,2.413,2.3828,2.3139
05/15/2025,2.4158,N/A,2.5227,2.4167,2.3491
05/14/2025,2.5296,N/A,2.5565,2.5709,2.5143
05/13/2025,2.5555,N/A,2.4312,2.5958,2.543
05/12/2025,2.4356,N/A,2.396,2.5462,2.4302
05/11/2025,2.3935,N/A,2.4028,2.4071,2.3538
05/10/2025,2.4086,N/A,2.3669,2.4815,2.384
05/09/2025,2.369,N/A,2.2944,2.3786,2.3373
05/08/2025,2.3134,N/A,2.1853,2.3313,2.3021
05/07/2025,2.1776,N/A,2.1479,2.1818,2.1179
05/06/2025,2.0988,N/A,2.1769,2.1401,2.0953
05/05/2025,2.1206,N/A,2.1475,2.1401,2.0953
05/04/2025,2.1492,N/A,2.1985,2.1701,2.1333
05/03/2025,2.196,N/A,2.2121,2.2197,2.1946
05/02/2025,2.213,N/A,2.2245,2.2197,2.1975
05/01/2025,2.226,N/A,2.2042,2.2335,2.2087
04/30/2025,2.2064,N/A,2.2481,2.22,2.1884
04/29/2025,2.2447,N/A,2.2882,2.2505,2.2252
04/28/2025,2.288,N/A,2.2588,2.3141,2.2777
04/27/2025,2.2583,N/A,2.1755,2.2644,2.2203
04/26/2025,2.1757,N/A,2.1912,2.2046,2.1615
04/25/2025,2.1904,N/A,2.1813,2.2029,2.1803
04/24/2025,2.1838,N/A,2.1747,2.2168,2.1651
04/23/2025,2.1799,N/A,2.2348,2.2226,2.1782
04/22/2025,2.233,N/A,2.083,2.2344,2.1957
04/21/2025,2.084,N/A,2.1088,2.103,2.0658
04/20/2025,2.1121,N/A,2.0834,2.1229,2.0771
04/19/2025,2.0829,N/A,2.0845,2.094,2.0801
04/18/2025,2.0858,N/A,2.0561,2.0862,2.0587
04/17/2025,2.0541,N/A,2.0695,2.0687,2.0445
04/16/2025,2.0694,N/A,2.0834,2.0883,2.0635
04/15/2025,2.0814,N/A,2.1534,2.0975,2.067
04/14/2025,2.1534,N/A,2.1402,2.1543,2.1173
04/13/2025,2.1447,N/A,2.1573,2.1781,2.1132
04/12/2025,2.1541,N/A,2.0129,2.1727,2.1357
04/11/2025,2.0155,N/A,1.9996,2.0257,2.0045
04/10/2025,1.9993,N/A,2.0007,2.0054,1.9475
04/09/2025,1.993,N/A,1.7472,2.0549,1.9717
04/08/2025,1.7532,N/A,1.904,1.8115,1.7234
04/07/2025,1.8986,N/A,1.8209,1.9327,1.8615
04/06/2025,1.8072,N/A,2.1299,1.9517,1.8017
04/05/2025,2.1272,N/A,2.1172,2.1587,2.1233
04/04/2025,2.1208,N/A,2.0493,2.1434,2.1143
04/03/2025,2.0529,N/A,2.0624,2.0774,2.0378
04/02/2025,2.0563,N/A,2.0996,2.0715,2.0088
04/01/2025,2.1039,N/A,2.0971,2.139,2.086
03/31/2025,2.0986,N/A,2.0814,2.1147,2.0659
03/30/2025,2.0827,N/A,2.1822,2.1391,2.0812
03/29/2025,2.1228,N/A,2.2068,2.2244,2.0625
03/28/2025,2.1759,N/A,2.3105,2.2244,2.1307
03/27/2025,2.3086,N/A,2.3771,2.3428,2.3029
03/26/2025,2.3775,N/A,2.4377,2.3898,2.346
03/25/2025,2.4367,N/A,2.4141,2.4778,2.4367
03/24/2025,2.4142,N/A,2.4437,2.463,2.4101
03/23/2025,2.4394,N/A,2.3883,2.4554,2.4142
03/22/2025,2.3883,N/A,2.389,2.392,2.3656
03/21/2025,2.388,N/A,2.4263,2.4059,2.3746
03/20/2025,2.4258,N/A,2.4847,2.4653,2.4141
03/19/2025,2.4827,N/A,2.295,2.5549,2.4797
03/18/2025,2.2898,N/A,2.286,2.3073,2.2659
03/17/2025,2.3168,N/A,2.3293,2.3392,2.3163
03/16/2025,2.3528,N/A,2.3832,2.3541,2.295
03/15/2025,2.3818,N/A,2.4246,2.4093,2.3637
03/14/2025,2.422,N/A,2.2902,2.4295,2.3544
03/13/2025,2.2792,N/A,2.2409,2.2996,2.2385
03/12/2025,2.2413,N/A,2.168,2.2572,2.2268
03/11/2025,2.171,N/A,2.0458,2.2455,2.1616
03/10/2025,2.0547,N/A,2.1703,2.0614,1.906
03/09/2025,2.1777,N/A,2.3234,2.1981,2.0901
03/08/2025,2.3221,N/A,2.3682,2.3505,2.3059
03/07/2025,2.3733,N/A,2.4842,2.408,2.3305
03/06/2025,2.4846,N/A,2.5304,2.6187,2.3781
03/05/2025,2.5247,N/A,2.4518,2.5448,2.4723
03/04/2025,2.4541,N/A,2.2915,2.5352,2.4345
03/03/2025,2.3071,N/A,2.8087,2.4193,2.216
03/02/2025,2.79852,N/A,2.2488,2.9436,2.766
03/01/2025,2.19175,N/A,2.1754,2.2177,2.1221
02/28/2025,2.20726,N/A,2.1754,2.2143,2.1221
02/27/2025,2.0419,N/A,2.1837,2.1997,1.997
02/26/2025,2.18648,N/A,2.2777,2.2154,2.1612
02/25/2025,2.30601,N/A,2.3064,2.3291,2.2751
02/24/2025,2.27037,N/A,2.5754,2.3345,2.2159
02/23/2025,2.47526,N/A,2.5664,2.6028,2.4461
02/22/2025,2.5576,N/A,2.5831,2.5749,2.5425
02/21/2025,2.58038,N/A,2.6791,2.597,2.5542
02/20/2025,2.65565,N/A,2.7161,2.6929,2.6422
02/19/2025,2.70525,N/A,2.7379,2.7473,2.6823
02/18/2025,2.53086,N/A,2.562,2.5757,2.5197
02/17/2025,2.6404,N/A,2.7037,2.668,2.6276
02/16/2025,2.7075,N/A,2.7884,2.7632,2.6936
02/15/2025,2.7883,N/A,2.7905,2.7988,2.7564
02/14/2025,2.7897,N/A,2.5691,2.8304,2.7248
02/13/2025,2.5724,N/A,2.4725,2.5964,2.5313
02/12/2025,2.4742,N/A,2.3946,2.4858,2.4537
02/11/2025,2.3969,N/A,2.4772,2.4258,2.3814
02/10/2025,2.4689,N/A,2.3882,2.4753,2.4202
02/09/2025,2.456,N/A,2.381,2.5052,2.4085
02/08/2025,2.4281,N/A,2.3804,2.4351,2.3527
02/07/2025,2.3733,N/A,2.358,2.4237,2.3675
02/06/2025,2.3545,N/A,2.4385,2.3723,2.3137
02/05/2025,2.4337,N/A,2.5069,2.4447,2.3769
02/04/2025,2.5107,N/A,2.7187,2.5631,2.4725
02/03/2025,2.6755,N/A,2.2482,2.7797,2.6755
02/02/2025,2.1456,N/A,2.8302,2.58,1.8739
02/01/2025,2.8894,N/A,3.0364,3.0709,2.8863
01/31/2025,3.0458,N/A,3.093,3.0709,3.027
01/30/2025,3.0791,N/A,3.122,3.1322,3.0773
01/29/2025,3.1242,N/A,3.0931,3.1302,3.0496
01/28/2025,3.0888,N/A,3.0878,3.0933,3.0564
01/27/2025,3.1245,N/A,2.9612,3.1463,3.0075
01/26/2025,2.9698,N/A,3.1353,3.0183,2.9649
01/25/2025,3.1351,N/A,3.1165,3.1422,3.1054
01/24/2025,3.1225,N/A,3.1618,3.1344,3.0977
01/23/2025,3.1433,N/A,3.1115,3.1479,3.0551
01/22/2025,3.1139,N/A,3.1646,3.1813,3.1077
01/21/2025,3.1633,N/A,3.0841,3.2067,3.1537
01/20/2025,3.0686,N/A,3.1053,3.1894,3.046
01/19/2025,3.1125,N/A,3.2698,3.1416,2.9169
01/18/2025,3.2753,N/A,3.2914,3.2965,3.0656
01/17/2025,3.2009,N/A,3.3128,3.2965,3.1955
01/16/2025,3.3067,N/A,3.0761,3.3485,3.2413
01/15/2025,3.0674,N/A,2.8042,3.1451,2.935
01/14/2025,2.7913,N/A,2.5384,2.8726,2.6511
01/13/2025,2.5379,N/A,2.5244,2.5519,2.5161
01/12/2025,2.5235,N/A,2.5509,2.5618,2.4972
01/11/2025,2.5481,N/A,2.3326,2.5801,2.5072
01/10/2025,2.3274,N/A,2.2864,2.3623,2.3261
01/09/2025,2.284,N/A,2.3627,2.2953,2.2602
01/08/2025,2.353,N/A,2.3085,2.3925,2.3391
01/07/2025,2.3138,N/A,2.4077,2.3647,2.2694
01/06/2025,2.4116,N/A,2.4163,2.4228,2.3945
01/05/2025,2.4146,N/A,2.4008,2.4364,2.3745
01/04/2025,2.4004,N/A,2.4504,2.4272,2.3798
01/03/2025,2.449,N/A,2.4416,2.5058,2.4299
01/02/2025,2.4446,N/A,2.4022,2.4722,2.3967
01/01/2025,2.4201,N/A,2.102,2.4475,2.3298
12/31/2024,2.1048,N/A,2.0171,2.1113,2.0815
12/30/2024,2.0152,N/A,2.0835,2.0642,2.0143
12/29/2024,2.09,N/A,2.1804,2.1488,2.0833
12/28/2024,2.1809,N/A,2.1498,2.1881,2.1706
12/27/2024,2.153,N/A,2.1686,2.157,2.1341
12/26/2024,2.1739,N/A,2.2558,2.1892,2.1342
12/25/2024,2.256,N/A,2.2918,2.3143,2.2505
12/24/2024,2.2947,N/A,2.2617,2.323,2.2829
12/23/2024,2.2545,N/A,2.2119,2.2625,2.2132
12/22/2024,2.2119,N/A,2.2036,2.2329,2.133
12/21/2024,2.2077,N/A,2.308,2.257,2.2059
12/20/2024,2.3093,N/A,2.3027,2.3149,2.2525
12/19/2024,2.3106,N/A,2.3363,2.3536,2.226
12/18/2024,2.3477,N/A,2.5029,2.3663,2.1775
12/17/2024,2.4879,N/A,2.4846,2.5882,2.4714
12/16/2024,2.4793,N/A,2.4007,2.4898,2.4423
12/15/2024,2.4017,N/A,2.4365,2.4667,2.392
12/14/2024,2.4369,N/A,2.4692,2.4406,2.3859
12/13/2024,2.4671,N/A,2.3294,2.4765,2.403
12/12/2024,2.3338,N/A,2.4594,2.3664,2.3104
12/11/2024,2.4509,N/A,2.3337,2.4848,2.3519
12/10/2024,2.3355,N/A,2.1411,2.382,2.2355
12/09/2024,2.1449,N/A,2.4708,2.2792,2.0427
12/08/2024,2.551,N/A,2.422,2.5554,2.5312
12/07/2024,2.4936,N/A,2.3614,2.5673,2.3874
12/06/2024,2.428,N/A,2.3475,2.4997,2.4004
12/05/2024,2.3474,N/A,2.3035,2.3474,2.2335
12/04/2024,2.3134,N/A,2.582,2.392,2.1772
12/03/2024,2.5784,N/A,2.7253,2.5785,2.5033
12/02/2024,2.7062,N/A,2.4284,2.7723,2.6502
12/01/2024,2.4211,N/A,1.8886,2.4964,2.2919
11/30/2024,1.883,N/A,1.848,1.9512,1.8514
11/29/2024,1.8526,N/A,1.5473,1.8633,1.7657
11/28/2024,1.551,N/A,1.4732,1.5775,1.525
11/27/2024,1.4703,N/A,1.3681,1.4835,1.4415
11/26/2024,1.3694,N/A,1.4475,1.4188,1.3598
11/25/2024,1.4471,N/A,1.4037,1.458,1.4027
11/24/2024,1.4421,N/A,1.473,1.4639,1.3583
11/23/2024,1.4592,N/A,1.5662,1.5113,1.4421
11/22/2024,1.5206,N/A,1.3813,1.6292,1.4714
11/21/2024,1.4068,N/A,1.1156,1.4307,1.2491
11/20/2024,1.1112,N/A,1.0783,1.1299,1.0797
11/19/2024,1.0829,N/A,1.1121,1.1141,1.0584
11/18/2024,1.1093,N/A,1.1418,1.1479,1.1053
11/17/2024,1.1374,N/A,1.0353,1.1389,1.054
11/16/2024,1.0348,N/A,0.9481,1.1575,1.0173
11/15/2024,0.9383,N/A,0.8051,0.9393,0.8784
11/14/2024,0.7998,N/A,0.6999,0.8377,0.7713
11/13/2024,0.7006,N/A,0.6611,0.7042,0.6847
11/12/2024,0.649,N/A,0.605,0.7348,0.6489
11/11/2024,0.6063,N/A,0.5908,0.6213,0.5989
11/10/2024,0.591,N/A,0.577,0.5982,0.586
11/09/2024,0.5526,N/A,0.5522,0.5566,0.5441
11/08/2024,0.5465,N/A,0.5503,0.5538,0.5454
11/07/2024,0.5502,N/A,0.5569,0.56,0.5478
11/06/2024,0.5581,N/A,0.5364,0.5769,0.5378
11/05/2024,0.5372,N/A,0.5077,0.5381,0.5141
11/04/2024,0.5074,N/A,0.5065,0.508,0.5019
11/03/2024,0.5067,N/A,0.5047,0.5085,0.5006
11/02/2024,0.5021,N/A,0.5142,0.5111,0.498
11/01/2024,0.5151,N/A,0.5191,0.516,0.5128
10/31/2024,0.5159,N/A,0.5215,0.5162,0.5028
10/30/2024,0.5215,N/A,0.5257,0.5237,0.5201
10/29/2024,0.5257,N/A,0.5233,0.5285,0.5227
10/28/2024,0.5234,N/A,0.5131,0.5264,0.5182
10/27/2024,0.513,N/A,0.5162,0.5173,0.5128
10/26/2024,0.5136,N/A,0.5084,0.5142,0.512
10/25/2024,0.5117,N/A,0.5289,0.5118,0.4992
10/24/2024,0.5293,N/A,0.5286,0.5322,0.528
10/23/2024,0.5288,N/A,0.5315,0.5303,0.5255
10/22/2024,0.5334,N/A,0.5449,0.5339,0.5316
10/21/2024,0.5435,N/A,0.5478,0.5464,0.5399
10/20/2024,0.5472,N/A,0.5468,0.5502,0.5455
10/19/2024,0.5468,N/A,0.5455,0.5499,0.5454
10/18/2024,0.548,N/A,0.5435,0.5499,0.5454
10/17/2024,0.5447,N/A,0.5494,0.5467,0.5398
10/16/2024,0.5493,N/A,0.5431,0.55,0.5458
10/15/2024,0.5437,N/A,0.5475,0.5449,0.5394
10/14/2024,0.5489,N/A,0.5384,0.5553,0.5466
10/13/2024,0.5378,N/A,0.536,0.5392,0.5281
10/12/2024,0.5361,N/A,0.5361,0.5394,0.5355
10/11/2024,0.5363,N/A,0.5352,0.5394,0.5354
10/10/2024,0.5354,N/A,0.5275,0.5364,0.5296
10/09/2024,0.5277,N/A,0.5323,0.529,0.5228
10/08/2024,0.533,N/A,0.5333,0.5344,0.5292
10/07/2024,0.5324,N/A,0.541,0.5335,0.5288
10/06/2024,0.5406,N/A,0.5315,0.5438,0.5327
10/05/2024,0.5301,N/A,0.5282,0.5329,0.5281
10/04/2024,0.5282,N/A,0.5229,0.5351,0.5269
10/03/2024,0.5244,N/A,0.5378,0.5273,0.5151
10/02/2024,0.5374,N/A,0.6027,0.5442,0.5236
10/01/2024,0.6037,N/A,0.6231,0.6064,0.5953
09/30/2024,0.6234,N/A,0.6451,0.6245,0.6105
09/29/2024,0.6455,N/A,0.613,0.651,0.6353
09/28/2024,0.6113,N/A,0.5888,0.6164,0.6093
09/27/2024,0.5908,N/A,0.5865,0.5929,0.5881
09/26/2024,0.5864,N/A,0.582,0.5911,0.5826
09/25/2024,0.5818,N/A,0.5933,0.5846,0.5756
09/24/2024,0.5925,N/A,0.5854,0.5955,0.5897
09/23/2024,0.5853,N/A,0.5938,0.5862,0.5816
09/22/2024,0.593,N/A,0.5987,0.5957,0.5793
09/21/2024,0.5983,N/A,0.5812,0.6049,0.5953
09/20/2024,0.5824,N/A,0.5881,0.5851,0.5805
09/19/2024,0.5876,N/A,0.5853,0.5877,0.5777
09/18/2024,0.5855,N/A,0.5805,0.5896,0.5813
09/17/2024,0.5813,N/A,0.5867,0.5841,0.5758
09/16/2024,0.5864,N/A,0.5685,0.5883,0.579
09/15/2024,0.5675,N/A,0.5882,0.5714,0.5599
09/14/2024,0.5879,N/A,0.5773,0.5957,0.5878
09/13/2024,0.578,N/A,0.5611,0.5793,0.5705
09/12/2024,0.561,N/A,0.5374,0.5635,0.556
09/11/2024,0.5374,N/A,0.5333,0.5395,0.5334
09/10/2024,0.533,N/A,0.5338,0.5412,0.5325
09/09/2024,0.5341,N/A,0.5304,0.5395,0.5338
09/08/2024,0.5302,N/A,0.5282,0.531,0.5273
09/07/2024,0.5271,N/A,0.5193,0.5327,0.5198
09/06/2024,0.5222,N/A,0.5457,0.524,0.5198
09/05/2024,0.5467,N/A,0.5529,0.5472,0.5406
09/04/2024,0.5537,N/A,0.5534,0.5597,0.5525
09/03/2024,0.5535,N/A,0.5666,0.5603,0.5353
09/02/2024,0.5667,N/A,0.55,0.5722,0.5656
09/01/2024,0.5493,N/A,0.5608,0.5506,0.5465
08/31/2024,0.5608,N/A,0.5648,0.5667,0.5592
08/30/2024,0.565,N/A,0.5618,0.5681,0.5649
08/29/2024,0.562,N/A,0.571,0.565,0.5604
08/28/2024,0.5714,N/A,0.5902,0.5749,0.5604
08/27/2024,0.5674,N/A,0.5925,0.5693,0.5604
08/26/2024,0.5927,N/A,0.5969,0.5942,0.5869
08/25/2024,0.596,N/A,0.6078,0.6021,0.5923
08/24/2024,0.6216,N/A,0.6076,0.6301,0.6047
08/23/2024,0.6085,N/A,0.5983,0.6109,0.6047
08/22/2024,0.5982,N/A,0.5982,0.6018,0.5966
08/21/2024,0.5975,N/A,0.5958,0.6013,0.5926
08/20/2024,0.5966,N/A,0.6076,0.6002,0.5927
08/19/2024,0.6055,N/A,0.5675,0.6093,0.5971
08/18/2024,0.566,N/A,0.569,0.5678,0.5615
08/17/2024,0.5667,N/A,0.5636,0.5693,0.5652
08/16/2024,0.5624,N/A,0.5664,0.5652,0.5613
08/15/2024,0.5634,N/A,0.5724,0.5685,0.5581
08/14/2024,0.5721,N/A,0.5796,0.5739,0.5674
08/13/2024,0.5783,N/A,0.5652,0.581,0.5713
08/12/2024,0.5639,N/A,0.5643,0.5721,0.5638
08/11/2024,0.5658,N/A,0.5905,0.5659,0.5509
08/10/2024,0.5898,N/A,0.5838,0.593,0.5835
08/09/2024,0.5897,N/A,0.6169,0.5935,0.5781
08/08/2024,0.6142,N/A,0.6128,0.6244,0.6094
08/07/2024,0.6148,N/A,0.5153,0.6233,0.5794
08/06/2024,0.515,N/A,0.5115,0.5168,0.5011
08/05/2024,0.5117,N/A,0.4769,0.5156,0.4885
08/04/2024,0.4758,N/A,0.5571,0.5255,0.4624
08/03/2024,0.5515,N/A,0.571,0.5774,0.5412
08/02/2024,0.5638,N/A,0.5878,0.5642,0.5434
08/01/2024,0.587,N/A,0.6114,0.5969,0.5803
07/31/2024,0.6115,N/A,0.6496,0.63,0.6094
07/30/2024,0.6488,N/A,0.6004,0.6581,0.6258
07/29/2024,0.601,N/A,0.6066,0.6044,0.5956
07/28/2024,0.6066,N/A,0.5996,0.6089,0.6004
07/27/2024,0.6017,N/A,0.5966,0.6025,0.5964
07/26/2024,0.5966,N/A,0.605,0.6033,0.595
07/25/2024,0.6055,N/A,0.6065,0.6077,0.5979
07/24/2024,0.604,N/A,0.6042,0.6219,0.5962
07/23/2024,0.604,N/A,0.6143,0.6045,0.5919
07/22/2024,0.5916,N/A,0.5964,0.6001,0.5897
07/21/2024,0.5951,N/A,0.5935,0.6001,0.5912
07/20/2024,0.5928,N/A,0.5816,0.597,0.5894
07/19/2024,0.5807,N/A,0.556,0.5825,0.571
07/18/2024,0.5552,N/A,0.6072,0.5697,0.5409
07/17/2024,0.6053,N/A,0.5857,0.636,0.6021
07/16/2024,0.5851,N/A,0.5658,0.5874,0.5784
07/15/2024,0.5669,N/A,0.5265,0.5688,0.5361
07/14/2024,0.5269,N/A,0.5197,0.5311,0.5213
07/13/2024,0.5195,N/A,0.4927,0.5314,0.5143
07/12/2024,0.4925,N/A,0.4519,0.4947,0.4738
07/11/2024,0.452,N/A,0.4403,0.4526,0.4446
07/10/2024,0.4386,N/A,0.4358,0.4433,0.4368
07/09/2024,0.436,N/A,0.4331,0.436,0.4319
07/08/2024,0.4337,N/A,0.4152,0.434,0.4275
07/07/2024,0.4146,N/A,0.4446,0.4205,0.4036
07/06/2024,0.4437,N/A,0.4259,0.4489,0.4437
07/05/2024,0.4274,N/A,0.398,0.4317,0.4237
07/04/2024,0.4006,N/A,0.4597,0.4329,0.3865
07/03/2024,0.4596,N/A,0.4804,0.4696,0.4507
07/02/2024,0.4805,N/A,0.4786,0.4869,0.4787
07/01/2024,0.4787,N/A,0.4785,0.4791,0.476
06/30/2024,0.4782,N/A,0.4715,0.4796,0.4755
06/29/2024,0.4715,N/A,0.4746,0.4737,0.4704
06/28/2024,0.4746,N/A,0.4744,0.4749,0.4715
06/27/2024,0.4761,N/A,0.4693,0.4776,0.4741
06/26/2024,0.4693,N/A,0.4758,0.4702,0.4681
06/25/2024,0.4752,N/A,0.4755,0.4781,0.4742
06/24/2024,0.478,N/A,0.4755,0.4793,0.4732
06/23/2024,0.4771,N/A,0.488,0.4802,0.4739
06/22/2024,0.4888,N/A,0.488,0.4889,0.4862
06/21/2024,0.4873,N/A,0.4888,0.4896,0.4872
06/20/2024,0.4888,N/A,0.4934,0.4909,0.4868
06/19/2024,0.4928,N/A,0.4975,0.4974,0.4869
06/18/2024,0.4962,N/A,0.4899,0.4974,0.4894
06/17/2024,0.4899,N/A,0.4889,0.508,0.477
06/16/2024,0.4876,N/A,0.4911,0.4907,0.485
06/15/2024,0.4914,N/A,0.4694,0.505,0.474
06/14/2024,0.4765,N/A,0.4783,0.4765,0.474
06/13/2024,0.4785,N/A,0.4859,0.48,0.4753
06/12/2024,0.4859,N/A,0.4816,0.4917,0.4834
06/11/2024,0.4812,N/A,0.4885,0.4813,0.4745
06/10/2024,0.4892,N/A,0.5009,0.497,0.4846
06/09/2024,0.5008,N/A,0.4932,0.5011,0.4969
06/08/2024,0.493,N/A,0.5001,0.4944,0.4914
06/07/2024,0.50,N/A,0.5227,0.5005,0.497
06/06/2024,0.5225,N/A,0.5256,0.5226,0.5198
06/05/2024,0.5257,N/A,0.5257,0.5272,0.5242
06/04/2024,0.5254,N/A,0.5214,0.5277,0.5247
06/03/2024,0.5211,N/A,0.5166,0.5222,0.5189
06/02/2024,0.5166,N/A,0.519,0.5191,0.512
06/01/2024,0.5187,N/A,0.5192,0.5197,0.518
05/31/2024,0.5193,N/A,0.5216,0.5199,0.5175
05/30/2024,0.5217,N/A,0.5275,0.522,0.518
05/29/2024,0.5276,N/A,0.5287,0.5276,0.5232
05/28/2024,0.5235,N/A,0.5279,0.5353,0.5218
05/27/2024,0.5272,N/A,0.5316,0.5353,0.5259
05/26/2024,0.5318,N/A,0.54,0.5336,0.5276
05/25/2024,0.54,N/A,0.5347,0.5418,0.5387
05/24/2024,0.5347,N/A,0.5305,0.536,0.5334
05/23/2024,0.5308,N/A,0.5293,0.5348,0.526
05/22/2024,0.5287,N/A,0.5365,0.5291,0.5255
05/21/2024,0.5363,N/A,0.5354,0.5372,0.5329
05/20/2024,0.5351,N/A,0.5133,0.5429,0.5337
05/19/2024,0.5133,N/A,0.5223,0.5138,0.5067
05/18/2024,0.5225,N/A,0.5242,0.5234,0.5203
05/17/2024,0.5241,N/A,0.5165,0.5242,0.5217
05/16/2024,0.5166,N/A,0.5171,0.5176,0.5137
05/15/2024,0.5181,N/A,0.5016,0.519,0.5156
05/14/2024,0.5013,N/A,0.5069,0.5021,0.4975
05/13/2024,0.5058,N/A,0.4921,0.5083,0.5035
05/12/2024,0.492,N/A,0.5072,0.5028,0.4869
05/11/2024,0.5074,N/A,0.5041,0.5075,0.5051
05/10/2024,0.5029,N/A,0.5181,0.5056,0.5018
05/09/2024,0.5173,N/A,0.5216,0.5209,0.5164
05/08/2024,0.5219,N/A,0.525,0.5222,0.517
05/07/2024,0.5254,N/A,0.5387,0.5261,0.5194
05/06/2024,0.5387,N/A,0.5302,0.5441,0.5346
05/05/2024,0.5313,N/A,0.5278,0.5332,0.5287
05/04/2024,0.5275,N/A,0.5294,0.5307,0.5241
05/03/2024,0.5296,N/A,0.5221,0.5329,0.5275
05/02/2024,0.5126,N/A,0.4878,0.5198,0.5068
05/01/2024,0.5109,N/A,0.5034,0.5198,0.5076
04/30/2024,0.5036,N/A,0.5148,0.5039,0.4968
04/29/2024,0.5158,N/A,0.5037,0.5197,0.5085
04/28/2024,0.5068,N/A,0.5226,0.5142,0.5052
04/27/2024,0.5225,N/A,0.5188,0.5244,0.5176
04/26/2024,0.5196,N/A,0.5277,0.5264,0.5103
04/25/2024,0.528,N/A,0.5257,0.5295,0.5173
04/24/2024,0.5269,N/A,0.5466,0.5306,0.5205
04/23/2024,0.5468,N/A,0.5492,0.5477,0.541
04/22/2024,0.5494,N/A,0.5333,0.5574,0.5471
04/21/2024,0.5349,N/A,0.5269,0.5354,0.5225
04/20/2024,0.529,N/A,0.5078,0.5299,0.4987
04/19/2024,0.5129,N/A,0.4848,0.5143,0.4987
04/18/2024,0.4846,N/A,0.4974,0.5025,0.4677
04/17/2024,0.4974,N/A,0.4965,0.4992,0.4878
04/16/2024,0.4966,N/A,0.4976,0.5017,0.4771
04/15/2024,0.4881,N/A,0.498,0.4979,0.4863
04/14/2024,0.4985,N/A,0.4696,0.5045,0.4941
04/13/2024,0.4673,N/A,0.543,0.483,0.4643
04/12/2024,0.5426,N/A,0.6119,0.5473,0.529
04/11/2024,0.6111,N/A,0.6199,0.6111,0.6066
04/10/2024,0.6103,N/A,0.61562,0.61611,0.59581
04/09/2024,0.613,N/A,0.61467,0.64178,0.60158
04/08/2024,0.61273,N/A,0.59264,0.61684,0.61192
04/07/2024,0.59157,N/A,0.59497,0.59463,0.58867
04/06/2024,0.5943,N/A,0.58907,0.59785,0.59243
04/05/2024,0.58919,N/A,0.58766,0.59073,0.58529
04/04/2024,0.58311,N/A,0.57022,0.59508,0.57996
04/03/2024,0.56901,N/A,0.58499,0.57832,0.56568
04/02/2024,0.58458,N/A,0.59506,0.58792,0.56818
04/01/2024,0.61174,N/A,0.62911,0.63285,0.59538
03/31/2024,0.62744,N/A,0.62223,0.63285,0.62706
03/30/2024,0.62308,N/A,0.62539,0.62577,0.62052
03/29/2024,0.6244,N/A,0.62109,0.63167,0.62398
03/28/2024,0.62114,N/A,0.60948,0.62516,0.61963
03/27/2024,0.60873,N/A,0.63171,0.61576,0.60466
03/26/2024,0.63171,N/A,0.6437,0.63464,0.62881
03/25/2024,0.64424,N/A,0.63114,0.64649,0.63982
03/24/2024,0.63098,N/A,0.61548,0.63387,0.62853
03/23/2024,0.61663,N/A,0.6086,0.62171,0.6144
03/22/2024,0.6082,N/A,0.63083,0.61682,0.60438
03/21/2024,0.636,N/A,0.60951,0.6449,0.62353
03/20/2024,0.60677,N/A,0.59128,0.6136,0.60503
03/19/2024,0.58803,N/A,0.61452,0.59464,0.57988
03/15/2024,0.63673,N/A,0.67849,0.67515,0.62204
03/14/2024,0.63727,N/A,0.68486,0.67515,0.62204
03/13/2024,0.68429,N/A,0.69874,0.68944,0.681
03/12/2024,0.69901,N/A,0.68845,0.69928,0.68249
03/11/2024,0.69369,N/A,0.60834,0.73134,0.69161
03/10/2024,0.60802,N/A,0.62223,0.60928,0.58569
03/09/2024,0.62423,N/A,0.62664,0.62461,0.61943
03/08/2024,0.62683,N/A,0.62463,0.62902,0.61829
03/07/2024,0.62479,N/A,0.61871,0.63368,0.62337
08/10/2023,0.63566,N/A,0.64328,0.63567,0.6327
08/09/2023,0.63734,N/A,0.63785,0.64442,0.63706
08/08/2023,0.63938,N/A,0.62037,0.64668,0.63599
08/07/2023,0.62164,N/A,0.62839,0.62488,0.6177
08/06/2023,0.62568,N/A,0.6336,0.62976,0.62162
08/05/2023,0.63494,N/A,0.62355,0.63579,0.6271
08/04/2023,0.62261,N/A,0.66477,0.63571,0.61207
08/03/2023,0.66395,N/A,0.68261,0.66736,0.66146
08/02/2023,0.68178,N/A,0.70041,0.6874,0.681
08/01/2023,0.7008,N/A,0.68797,0.70763,0.69947
07/31/2023,0.68803,N/A,0.70587,0.69765,0.67982
07/30/2023,0.70604,N/A,0.71015,0.71143,0.70264
07/29/2023,0.71183,N/A,0.71412,0.71295,0.71007
07/28/2023,0.71128,N/A,0.71439,0.71295,0.71007
07/27/2023,0.71373,N/A,0.71781,0.71841,0.71165
07/26/2023,0.71861,N/A,0.7113,0.72158,0.70819
07/25/2023,0.71145,N/A,0.69638,0.71395,0.70158
07/24/2023,0.69571,N/A,0.72828,0.70271,0.69032
07/23/2023,0.72807,N/A,0.73495,0.74234,0.7258
07/22/2023,0.73687,N/A,0.77454,0.7374,0.7161
07/21/2023,0.77654,N/A,0.7935,0.77785,0.76595
07/20/2023,0.79318,N/A,0.83206,0.7985,0.78523
07/19/2023,0.8322,N/A,0.79767,0.84823,0.81656
07/18/2023,0.80231,N/A,0.7382,0.81745,0.77167
07/17/2023,0.73762,N/A,0.75721,0.74817,0.7346
07/16/2023,0.75581,N/A,0.71156,0.75911,0.74229
07/15/2023,0.71343,N/A,0.72023,0.72638,0.70526
07/14/2023,0.72261,N/A,0.7832,0.72975,0.69376
07/13/2023,0.77365,N/A,0.47207,0.82394,0.72899
07/12/2023,0.47189,N/A,0.4753,0.47272,0.4696
07/11/2023,0.47518,N/A,0.47626,0.47599,0.47322
07/10/2023,0.47599,N/A,0.46582,0.47815,0.4744
07/09/2023,0.46559,N/A,0.47049,0.46909,0.46378
07/08/2023,0.47079,N/A,0.46692,0.47169,0.46957
07/07/2023,0.46691,N/A,0.46879,0.4686,0.4663
07/06/2023,0.46919,N/A,0.47818,0.46947,0.45856
07/05/2023,0.47863,N/A,0.49165,0.47897,0.47376
07/04/2023,0.49169,N/A,0.49273,0.49186,0.48704
07/03/2023,0.49188,N/A,0.48243,0.49259,0.48625
07/02/2023,0.48159,N/A,0.49273,0.48642,0.47974
07/01/2023,0.49249,N/A,0.46911,0.49556,0.47003
06/30/2023,0.46871,N/A,0.47932,0.47304,0.46484
06/29/2023,0.47813,N/A,0.46732,0.4798,0.46843
06/28/2023,0.4688,N/A,0.48232,0.46927,0.46149
06/27/2023,0.48251,N/A,0.48248,0.48428,0.47902
06/26/2023,0.48199,N/A,0.48444,0.48307,0.4765
06/25/2023,0.48407,N/A,0.48642,0.49161,0.48269
06/24/2023,0.48974,N/A,0.49317,0.48974,0.48312
06/23/2023,0.49289,N/A,0.4974,0.496,0.48937
06/22/2023,0.4999,N/A,0.51921,0.50013,0.49266
06/21/2023,0.51765,N/A,0.49693,0.527,0.49832
06/20/2023,0.49716,N/A,0.49251,0.49937,0.4893
06/19/2023,0.49078,N/A,0.49145,0.49634,0.4896
06/18/2023,0.48976,N/A,0.48109,0.49229,0.48263
06/17/2023,0.48111,N/A,0.4718,0.48308,0.4754
06/16/2023,0.47181,N/A,0.48009,0.47608,0.46953
06/15/2023,0.4817,N/A,0.48217,0.48194,0.47524
06/14/2023,0.48225,N/A,0.5139,0.4842,0.47661
06/13/2023,0.51359,N/A,0.5259,0.52028,0.51063
06/12/2023,0.52727,N/A,0.51405,0.52795,0.51986
06/11/2023,0.51235,N/A,0.50593,0.52295,0.50913
06/10/2023,0.50598,N/A,0.52251,0.50911,0.50378
06/09/2023,0.5238,N/A,0.52432,0.53845,0.52109
06/08/2023,0.52551,N/A,0.5177,0.5263,0.52249
06/07/2023,0.5186,N/A,0.52742,0.52189,0.51572
06/06/2023,0.5278,N/A,0.50652,0.53168,0.52402
06/05/2023,0.50491,N/A,0.53056,0.51161,0.5026
06/04/2023,0.5292,N/A,0.52164,0.54246,0.52862
06/03/2023,0.52153,N/A,0.5235,0.52311,0.51531
06/02/2023,0.52332,N/A,0.51598,0.52468,0.51976
06/01/2023,0.51619,N/A,0.5082,0.51679,0.50413
05/31/2023,0.50778,N/A,0.52725,0.51678,0.5032
05/30/2023,0.52607,N/A,0.4972,0.52741,0.51659
05/29/2023,0.49751,N/A,0.48092,0.4978,0.48963
05/28/2023,0.48208,N/A,0.47327,0.48554,0.48028
05/27/2023,0.47333,N/A,0.47327,0.47372,0.47001
05/26/2023,0.46924,N/A,0.46416,0.4698,0.4658
05/25/2023,0.4639,N/A,0.4532,0.46708,0.4525
05/24/2023,0.45251,N/A,0.4578,0.45379,0.4438
05/23/2023,0.45644,N/A,0.4652,0.4651,0.45521
05/22/2023,0.46575,N/A,0.45553,0.46671,0.4602
05/21/2023,0.45631,N/A,0.46768,0.45989,0.45092
05/20/2023,0.46791,N/A,0.46429,0.47025,0.4677
05/19/2023,0.46463,N/A,0.46639,0.46844,0.4636
05/18/2023,0.46588,N/A,0.44666,0.46785,0.4574
05/17/2023,0.44768,N/A,0.45472,0.44854,0.44308
05/16/2023,0.4586,N/A,0.42431,0.46112,0.44037
05/15/2023,0.42429,N/A,0.42782,0.42811,0.42097
05/14/2023,0.42802,N/A,0.4246,0.42899,0.42161
05/13/2023,0.42619,N/A,0.42622,0.42693,0.42183
05/12/2023,0.42701,N/A,0.41778,0.43048,0.42582
05/11/2023,0.41793,N/A,0.42842,0.42235,0.41665
05/10/2023,0.42883,N/A,0.42864,0.43042,0.42599
05/09/2023,0.43003,N/A,0.4236,0.43368,0.42753
05/08/2023,0.42317,N/A,0.43812,0.42871,0.42277
05/07/2023,0.43803,N/A,0.45549,0.451,0.42637
05/06/2023,0.4557,N/A,0.46302,0.4599,0.45481
05/05/2023,0.46271,N/A,0.46349,0.46907,0.4625
05/04/2023,0.46357,N/A,0.46412,0.46482,0.46059
05/03/2023,0.46282,N/A,0.46208,0.46371,0.46014
05/02/2023,0.46221,N/A,0.46389,0.46492,0.46031
05/01/2023,0.46286,N/A,0.46488,0.46502,0.45881
04/30/2023,0.46479,N/A,0.47431,0.4723,0.46043
04/29/2023,0.47488,N/A,0.4806,0.478,0.47369
04/28/2023,0.4805,N/A,0.46784,0.48595,0.47759
04/27/2023,0.46752,N/A,0.46237,0.46803,0.46381
04/26/2023,0.46424,N/A,0.46679,0.46962,0.45983
04/25/2023,0.46738,N/A,0.45942,0.47109,0.4658
04/24/2023,0.45768,N/A,0.4674,0.46255,0.4568
04/23/2023,0.47068,N/A,0.46537,0.48419,0.46281
04/22/2023,0.46644,N/A,0.44864,0.47191,0.46281
04/21/2023,0.45178,N/A,0.47153,0.45197,0.44567
04/20/2023,0.47586,N/A,0.49001,0.47702,0.46981
04/19/2023,0.4942,N/A,0.52585,0.4957,0.48689
04/18/2023,0.52623,N/A,0.51257,0.53706,0.524
04/17/2023,0.51261,N/A,0.51309,0.51314,0.50946
04/16/2023,0.51357,N/A,0.51606,0.52091,0.50958
04/15/2023,0.5173,N/A,0.51921,0.5241,0.51634
04/14/2023,0.51902,N/A,0.52098,0.5236,0.51715
04/13/2023,0.5214,N/A,0.50506,0.52357,0.51119
04/12/2023,0.50517,N/A,0.50792,0.50661,0.50141
04/11/2023,0.50742,N/A,0.5157,0.51782,0.50341
04/10/2023,0.51542,N/A,0.50429,0.51791,0.51212
04/09/2023,0.5035,N/A,0.50629,0.50714,0.50018
04/08/2023,0.5066,N/A,0.5117,0.50902,0.50461
04/07/2023,0.51278,N/A,0.50216,0.51294,0.50708
04/06/2023,0.50191,N/A,0.50301,0.50384,0.49805
04/05/2023,0.5023,N/A,0.50593,0.50559,0.49551
04/04/2023,0.50551,N/A,0.4951,0.50711,0.49873
04/03/2023,0.49494,N/A,0.51214,0.49803,0.48738
04/02/2023,0.51235,N/A,0.51269,0.52447,0.50443
04/01/2023,0.50971,N/A,0.53799,0.53792,0.49849
03/31/2023,0.53181,N/A,0.53321,0.53792,0.53169
03/30/2023,0.53306,N/A,0.5335,0.53679,0.52809
03/29/2023,0.53491,N/A,0.53591,0.55144,0.52498
03/28/2023,0.53385,N/A,0.47359,0.53775,0.51446
03/27/2023,0.47411,N/A,0.45381,0.4831,0.4685
03/26/2023,0.45421,N/A,0.44869,0.4566,0.44258
03/25/2023,0.44827,N/A,0.42631,0.45103,0.44066
03/24/2023,0.42863,N/A,0.43343,0.4311,0.42263
03/23/2023,0.43432,N/A,0.4185,0.44384,0.43147
03/22/2023,0.4182,N/A,0.45861,0.42575,0.41183
03/21/2023,0.46006,N/A,0.3818,0.4747,0.45194
03/20/2023,0.38101,N/A,0.38078,0.38397,0.37295
03/19/2023,0.38056,N/A,0.37719,0.39114,0.38056
03/18/2023,0.37733,N/A,0.38355,0.3774,0.37371
03/17/2023,0.38422,N/A,0.36879,0.38907,0.37677
03/16/2023,0.36832,N/A,0.36208,0.3693,0.36218
03/15/2023,0.36287,N/A,0.37399,0.36287,0.35656
03/14/2023,0.3738,N/A,0.37089,0.37471,0.36919
03/13/2023,0.37013,N/A,0.36642,0.37233,0.36892
03/12/2023,0.3662,N/A,0.36311,0.37579,0.3659
03/11/2023,0.36261,N/A,0.36788,0.3654,0.36193
03/10/2023,0.36798,N/A,0.37127,0.37374,0.36598
03/09/2023,0.37321,N/A,0.3863,0.37493,0.36549
03/08/2023,0.38757,N/A,0.38048,0.39332,0.38596
03/07/2023,0.38034,N/A,0.36855,0.38546,0.37661
03/06/2023,0.36861,N/A,0.36392,0.37084,0.36698
03/05/2023,0.36442,N/A,0.37485,0.36957,0.36072
03/04/2023,0.37455,N/A,0.37582,0.3772,0.37147
03/03/2023,0.37518,N/A,0.36532,0.37974,0.37479
03/02/2023,0.36611,N/A,0.37951,0.37803,0.35553
03/01/2023,0.37878,N/A,0.38005,0.38441,0.37748
02/28/2023,0.37977,N/A,0.3769,0.37977,0.3728
02/27/2023,0.37635,N/A,0.37649,0.37914,0.37208
02/26/2023,0.37598,N/A,0.3778,0.37827,0.37556
02/25/2023,0.3775,N/A,0.3777,0.37861,0.37666
02/24/2023,0.37749,N/A,0.38988,0.37899,0.37602
02/23/2023,0.39052,N/A,0.39683,0.39079,0.38761
02/22/2023,0.39648,N/A,0.39023,0.39699,0.39028
02/21/2023,0.38962,N/A,0.39578,0.3926,0.38318
02/20/2023,0.3956,N/A,0.38961,0.39878,0.39389
02/19/2023,0.38967,N/A,0.3924,0.39019,0.37802
02/18/2023,0.39213,N/A,0.39431,0.39558,0.38929
02/17/2023,0.39432,N/A,0.39018,0.39599,0.39353
02/16/2023,0.3895,N/A,0.40107,0.39077,0.38107
02/15/2023,0.38154,N/A,0.36723,0.38361,0.37658
02/14/2023,0.38253,N/A,0.36641,0.38253,0.37658
02/13/2023,0.36649,N/A,0.37259,0.37054,0.36462
02/12/2023,0.37249,N/A,0.38116,0.37807,0.36695
02/11/2023,0.3803,N/A,0.38295,0.38359,0.38029
02/10/2023,0.38281,N/A,0.38308,0.3837,0.38021
02/09/2023,0.38343,N/A,0.39225,0.38769,0.3808
02/08/2023,0.39209,N/A,0.40017,0.39929,0.38733
02/07/2023,0.40018,N/A,0.39487,0.4057,0.40018
02/06/2023,0.39451,N/A,0.39925,0.39526,0.39025
02/05/2023,0.41049,N/A,0.40919,0.41168,0.40722
02/04/2023,0.40957,N/A,0.4086,0.41168,0.40722
02/03/2023,0.40792,N/A,0.4114,0.41219,0.40792
02/02/2023,0.411,N/A,0.41391,0.41177,0.40641
02/01/2023,0.41418,N/A,0.40471,0.41709,0.41022
01/31/2023,0.40469,N/A,0.39091,0.40638,0.40088
01/30/2023,0.3913,N/A,0.41395,0.39409,0.38837
01/29/2023,0.41106,N/A,0.4109,0.41391,0.4066
01/28/2023,0.41001,N/A,0.41061,0.41384,0.4066
01/27/2023,0.41194,N/A,0.40379,0.41598,0.40894
01/26/2023,0.40416,N/A,0.41102,0.41043,0.39916
01/25/2023,0.41377,N/A,0.40441,0.41778,0.41018
01/24/2023,0.40708,N/A,0.42459,0.40785,0.39782
01/23/2023,0.42113,N/A,0.40509,0.42541,0.41992
01/22/2023,0.40462,N/A,0.40467,0.41178,0.39983
01/21/2023,0.40541,N/A,0.41001,0.40617,0.40033
01/20/2023,0.41027,N/A,0.39046,0.41391,0.40642
01/19/2023,0.38918,N/A,0.38104,0.39347,0.38868
01/18/2023,0.3808,N/A,0.38697,0.38141,0.3767
01/17/2023,0.38677,N/A,0.38481,0.3923,0.38531
01/16/2023,0.38461,N/A,0.40197,0.38869,0.37951
01/15/2023,0.40189,N/A,0.38929,0.40627,0.38425
01/14/2023,0.38898,N/A,0.40057,0.39675,0.38577
01/13/2023,0.40079,N/A,0.378,0.40507,0.38509
01/12/2023,0.37785,N/A,0.37689,0.37977,0.37061
01/11/2023,0.37769,N/A,0.36647,0.37941,0.37078
01/10/2023,0.36308,N/A,0.34794,0.36308,0.34775
01/09/2023,0.34751,N/A,0.35179,0.35219,0.34338
01/08/2023,0.35214,N/A,0.34001,0.35447,0.34379
01/07/2023,0.34003,N/A,0.34281,0.3449,0.33813
01/06/2023,0.34281,N/A,0.33629,0.34533,0.34234
01/05/2023,0.33638,N/A,0.3473,0.34066,0.33581
01/04/2023,0.34751,N/A,0.34738,0.34869,0.34408
01/03/2023,0.34841,N/A,0.34352,0.35147,0.34223
01/02/2023,0.34428,N/A,0.32807,0.3482,0.34192
01/01/2023,0.32701,N/A,0.33634,0.33939,0.31516
12/31/2022,0.33723,N/A,0.34072,0.33903,0.3371
12/30/2022,0.34061,N/A,0.33861,0.34518,0.34011
12/29/2022,0.33839,N/A,0.34546,0.34457,0.33422
12/28/2022,0.34407,N/A,0.36252,0.3577,0.34244
12/27/2022,0.36283,N/A,0.36042,0.36861,0.35866
12/26/2022,0.36009,N/A,0.34993,0.36751,0.35885
12/25/2022,0.35012,N/A,0.34919,0.35038,0.3456
12/24/2022,0.34891,N/A,0.35318,0.3518,0.34842
12/23/2022,0.35315,N/A,0.34966,0.3543,0.35218
12/22/2022,0.35,N/A,0.34329,0.3502,0.34688
12/21/2022,0.34388,N/A,0.33876,0.34706,0.34178
12/20/2022,0.34094,N/A,0.33899,0.35035,0.33843
12/19/2022,0.34378,N/A,0.34125,0.34378,0.33597
12/18/2022,0.3423,N/A,0.35342,0.3529,0.33878
12/17/2022,0.35361,N/A,0.35327,0.35522,0.35142
12/16/2022,0.35586,N/A,0.37674,0.35609,0.3497
12/15/2022,0.37708,N/A,0.38103,0.37896,0.37626
12/14/2022,0.38052,N/A,0.39169,0.38658,0.37748
12/13/2022,0.39138,N/A,0.38279,0.39527,0.38982
12/12/2022,0.38245,N/A,0.37428,0.38796,0.37858
12/11/2022,0.3745,N/A,0.38781,0.38278,0.37149
12/10/2022,0.38771,N/A,0.38712,0.38849,0.3863
12/09/2022,0.38711,N/A,0.39039,0.38896,0.38701
12/08/2022,0.39051,N/A,0.38676,0.39502,0.39016
12/07/2022,0.387,N/A,0.3872,0.39104,0.38316
12/06/2022,0.38678,N/A,0.383,0.39246,0.38477
12/05/2022,0.38271,N/A,0.39424,0.39069,0.38143
12/04/2022,0.39307,N/A,0.39091,0.3939,0.389
12/03/2022,0.39201,N/A,0.38929,0.39643,0.39111
12/02/2022,0.39197,N/A,0.38698,0.39643,0.39111
12/01/2022,0.3864,N/A,0.4026,0.3974,0.38392
11/30/2022,0.40239,N/A,0.40209,0.40917,0.39971
11/29/2022,0.40171,N/A,0.3841,0.40869,0.39679
11/28/2022,0.39124,N/A,0.38299,0.39197,0.38329
11/27/2022,0.38179,N/A,0.40102,0.399,0.37427
11/26/2022,0.40159,N/A,0.40821,0.40294,0.39541
11/25/2022,0.4076,N/A,0.39687,0.41438,0.40339
11/24/2022,0.39521,N/A,0.3824,0.40198,0.38941
11/23/2022,0.3828,N/A,0.37768,0.38386,0.3782
11/22/2022,0.37797,N/A,0.35803,0.37876,0.36822
11/21/2022,0.3597,N/A,0.35776,0.36703,0.35542
11/20/2022,0.38626,N/A,0.38166,0.39598,0.38387
11/18/2022,0.38191,N/A,0.38239,0.38487,0.37519
11/17/2022,0.38238,N/A,0.37321,0.38619,0.36936
11/16/2022,0.37348,N/A,0.38725,0.39098,0.36229
11/15/2022,0.38394,N/A,0.36873,0.38928,0.37923
11/14/2022,0.37173,N/A,0.33078,0.38698,0.36701
11/13/2022,0.32619,N/A,0.36703,0.34817,0.32185
11/12/2022,0.36559,N/A,0.37537,0.36922,0.36182
11/11/2022,0.37166,N/A,0.3789,0.38431,0.37019
11/10/2022,0.38166,N/A,0.3596,0.39895,0.37579
11/09/2022,0.35657,N/A,0.38742,0.35777,0.33066
11/08/2022,0.38784,N/A,0.43306,0.4108,0.38005
11/07/2022,0.43399,N/A,0.47354,0.46679,0.42677
11/06/2022,0.4732,N/A,0.49082,0.47591,0.46906
11/05/2022,0.49043,N/A,0.49887,0.49444,0.48724
11/04/2022,0.49755,N/A,0.45724,0.5096,0.49509
11/03/2022,0.45674,N/A,0.45573,0.45793,0.45335
11/02/2022,0.45651,N/A,0.4615,0.45842,0.4489
11/01/2022,0.46206,N/A,0.45978,0.46582,0.45801
10/31/2022,0.45868,N/A,0.4558,0.46434,0.45741
10/30/2022,0.45595,N/A,0.46782,0.4604,0.44851
10/29/2022,0.46746,N/A,0.47328,0.47307,0.46649
10/28/2022,0.47312,N/A,0.46313,0.47452,0.47003
10/27/2022,0.46422,N/A,0.47342,0.46679,0.46036
10/26/2022,0.47467,N/A,0.46144,0.48183,0.46831
10/25/2022,0.46175,N/A,0.44807,0.46267,0.4569
10/24/2022,0.4479,N/A,0.45637,0.45666,0.44372
10/23/2022,0.45698,N/A,0.46051,0.47233,0.45688
10/22/2022,0.46118,N/A,0.45945,0.46583,0.45818
10/21/2022,0.45793,N/A,0.4474,0.4627,0.45633
10/20/2022,0.44827,N/A,0.45628,0.45082,0.44201
10/19/2022,0.4565,N/A,0.46241,0.46316,0.4503
10/18/2022,0.46318,N/A,0.47693,0.4666,0.45823
10/17/2022,0.47695,N/A,0.46859,0.48406,0.47171
10/16/2022,0.46792,N/A,0.48399,0.47663,0.46295
10/15/2022,0.48409,N/A,0.48792,0.48727,0.48165
10/14/2022,0.4878,N/A,0.50175,0.48994,0.484
10/13/2022,0.50196,N/A,0.47309,0.50659,0.47844
10/12/2022,0.47283,N/A,0.48601,0.48939,0.46677
10/11/2022,0.48592,N/A,0.49309,0.4904,0.48218
10/10/2022,0.49266,N/A,0.5312,0.49878,0.48593
10/09/2022,0.53029,N/A,0.51013,0.53788,0.52904
10/08/2022,0.51129,N/A,0.52565,0.51717,0.50641
10/07/2022,0.52485,N/A,0.48937,0.52631,0.51517
10/06/2022,0.48962,N/A,0.49548,0.49482,0.4824
10/05/2022,0.49638,N/A,0.47399,0.49837,0.48851
10/04/2022,0.47561,N/A,0.45307,0.47991,0.47229
10/03/2022,0.45386,N/A,0.449,0.46253,0.45206
10/02/2022,0.44824,N/A,0.47518,0.45467,0.44634
10/01/2022,0.47423,N/A,0.47485,0.47744,0.47335
09/30/2022,0.47668,N/A,0.48011,0.48099,0.46765
09/29/2022,0.47906,N/A,0.44168,0.48726,0.47238
09/28/2022,0.44148,N/A,0.42602,0.45151,0.43715
09/27/2022,0.42412,N/A,0.47629,0.45002,0.4189
09/26/2022,0.47673,N/A,0.4824,0.48078,0.46497
09/25/2022,0.48215,N/A,0.48572,0.50156,0.47858
09/24/2022,0.48445,N/A,0.50107,0.49063,0.47615
09/23/2022,0.50013,N/A,0.53856,0.51383,0.49704
09/22/2022,0.54348,N/A,0.40222,0.54546,0.47753
09/21/2022,0.40213,N/A,0.40472,0.40469,0.39402
09/20/2022,0.40452,N/A,0.3729,0.41498,0.4037
09/19/2022,0.3729,N/A,0.34496,0.38978,0.37101
09/18/2022,0.34491,N/A,0.36839,0.36484,0.3403
09/17/2022,0.36787,N/A,0.35019,0.37668,0.36567
09/16/2022,0.35004,N/A,0.3271,0.35524,0.34869
09/15/2022,0.32615,N/A,0.33561,0.32787,0.3219
09/14/2022,0.33557,N/A,0.33554,0.34221,0.33281
09/13/2022,0.33564,N/A,0.35298,0.33571,0.33153
09/12/2022,0.35223,N/A,0.3497,0.36019,0.35124
09/11/2022,0.34899,N/A,0.35617,0.35793,0.348
09/10/2022,0.35542,N/A,0.35482,0.35899,0.35485
09/09/2022,0.35662,N/A,0.34477,0.35874,0.35225
09/08/2022,0.3454,N/A,0.33219,0.34608,0.33946
09/07/2022,0.33197,N/A,0.31837,0.33735,0.33081
09/06/2022,0.3181,N/A,0.33393,0.32313,0.31367
09/05/2022,0.33361,N/A,0.33037,0.34304,0.33097
09/04/2022,0.33066,N/A,0.33038,0.3332,0.33033
09/03/2022,0.33001,N/A,0.3283,0.33128,0.32917
09/02/2022,0.32819,N/A,0.33122,0.33356,0.32771
09/01/2022,0.33126,N/A,0.32375,0.33345,0.32816
08/31/2022,0.32348,N/A,0.33217,0.3292,0.32264
08/30/2022,0.33181,N/A,0.33,0.33262,0.32668
08/29/2022,0.32917,N/A,0.32336,0.33403,0.32847
08/28/2022,0.32324,N/A,0.33428,0.32499,0.31888
08/27/2022,0.33442,N/A,0.33662,0.33614,0.33241
08/26/2022,0.33659,N/A,0.34743,0.34365,0.3327
08/25/2022,0.34699,N/A,0.34139,0.35014,0.34366
08/24/2022,0.34502,N/A,0.33972,0.35014,0.34366
08/23/2022,0.33972,N/A,0.33878,0.34752,0.33903
08/22/2022,0.3395,N/A,0.33709,0.34464,0.33921
08/21/2022,0.34437,N/A,0.3417,0.34702,0.33552
08/20/2022,0.33643,N/A,0.34003,0.33994,0.33552
08/19/2022,0.33919,N/A,0.36088,0.34088,0.33443
08/18/2022,0.36079,N/A,0.37407,0.37031,0.35981
08/17/2022,0.37372,N/A,0.38715,0.38112,0.37298
08/16/2022,0.38652,N/A,0.37159,0.39182,0.37691
08/15/2022,0.37201,N/A,0.38247,0.37721,0.36679
08/14/2022,0.3815,N/A,0.38368,0.38491,0.37431
08/13/2022,0.38439,N/A,0.3808,0.38834,0.37673
08/12/2022,0.38131,N/A,0.37635,0.3819,0.37817
08/11/2022,0.37721,N/A,0.38003,0.3805,0.37471
08/10/2022,0.38128,N/A,0.36252,0.38554,0.37943
08/09/2022,0.36154,N/A,0.37621,0.3676,0.35862
08/08/2022,0.37679,N/A,0.37267,0.37998,0.37464
08/07/2022,0.37329,N/A,0.37164,0.37444,0.3714
08/06/2022,0.3716,N/A,0.37536,0.37257,0.36819
08/05/2022,0.37389,N/A,0.3742,0.3776,0.37348
08/04/2022,0.37587,N/A,0.37113,0.37591,0.37006
08/03/2022,0.3712,N/A,0.36773,0.37438,0.36915
08/02/2022,0.36763,N/A,0.37088,0.37187,0.36322
08/01/2022,0.37086,N/A,0.38145,0.39344,0.36702
07/31/2022,0.38046,N/A,0.38855,0.38579,0.37842
07/30/2022,0.38777,N/A,0.36678,0.39376,0.38644
07/29/2022,0.36671,N/A,0.37571,0.3714,0.36481
07/28/2022,0.37623,N/A,0.35882,0.37659,0.36833
07/27/2022,0.35915,N/A,0.3308,0.3617,0.3552
07/26/2022,0.3306,N/A,0.33407,0.3395,0.33044
07/25/2022,0.33331,N/A,0.34605,0.33728,0.33043
07/24/2022,0.34534,N/A,0.3566,0.36011,0.34529
07/23/2022,0.35692,N/A,0.35847,0.36321,0.35681
07/22/2022,0.35971,N/A,0.3634,0.3604,0.3561
07/21/2022,0.36282,N/A,0.35566,0.36904,0.36189
07/20/2022,0.35608,N/A,0.3769,0.36692,0.35248
07/19/2022,0.37706,N/A,0.35505,0.37886,0.36777
07/18/2022,0.35543,N/A,0.35623,0.36911,0.35543
07/17/2022,0.35599,N/A,0.35299,0.35935,0.34307
07/16/2022,0.35271,N/A,0.33601,0.35404,0.34792
07/15/2022,0.33602,N/A,0.34445,0.33703,0.33157
07/14/2022,0.34301,N/A,0.32167,0.34864,0.33192
07/13/2022,0.32125,N/A,0.3117,0.32475,0.31957
07/12/2022,0.3116,N/A,0.31361,0.31431,0.30775
07/11/2022,0.31311,N/A,0.32559,0.31727,0.3127
07/10/2022,0.32509,N/A,0.33702,0.32888,0.3231
07/09/2022,0.33685,N/A,0.3429,0.34488,0.33627
07/08/2022,0.34315,N/A,0.35481,0.34437,0.33966
07/07/2022,0.355,N/A,0.32949,0.35837,0.34192
07/06/2022,0.32891,N/A,0.322,0.33475,0.32692
07/05/2022,0.32162,N/A,0.3265,0.32691,0.32008
07/03/2022,0.31189,N/A,0.31183,0.31663,0.30916
07/02/2022,0.31517,N/A,0.311,0.31606,0.31282
07/01/2022,0.3117,N/A,0.32213,0.31562,0.30989
06/30/2022,0.32495,N/A,0.32579,0.33446,0.32495
06/29/2022,0.32556,N/A,0.33615,0.33063,0.32249
06/28/2022,0.33513,N/A,0.34444,0.34153,0.3342
06/27/2022,0.34372,N/A,0.36458,0.3556,0.34103
06/26/2022,0.36369,N/A,0.36588,0.36696,0.3589
06/25/2022,0.36491,N/A,0.36872,0.36961,0.3631
06/24/2022,0.3699,N/A,0.36744,0.37378,0.36278
06/23/2022,0.37012,N/A,0.32399,0.37603,0.33513
06/22/2022,0.32342,N/A,0.32162,0.3297,0.32142
06/21/2022,0.32169,N/A,0.32407,0.32958,0.32161
06/20/2022,0.32363,N/A,0.31809,0.32629,0.31922
06/19/2022,0.31911,N/A,0.3008,0.32803,0.31637
06/18/2022,0.30239,N/A,0.31997,0.3111,0.301
06/17/2022,0.31986,N/A,0.32352,0.32627,0.31657
06/16/2022,0.32418,N/A,0.3349,0.3305,0.31065
06/15/2022,0.33588,N/A,0.31332,0.34696,0.33493
06/14/2022,0.31487,N/A,0.31406,0.32399,0.31448
06/13/2022,0.31435,N/A,0.33112,0.31568,0.29388
06/12/2022,0.33075,N/A,0.34489,0.34993,0.32483
06/11/2022,0.3458,N/A,0.38471,0.36233,0.34057
06/10/2022,0.38518,N/A,0.40161,0.38536,0.38089
06/09/2022,0.40274,N/A,0.40054,0.40319,0.39467
06/08/2022,0.40077,N/A,0.4044,0.40189,0.39756
06/07/2022,0.39801,N/A,0.38626,0.41019,0.39636
06/06/2022,0.38878,N/A,0.40189,0.40277,0.38513
06/05/2022,0.40294,N/A,0.39137,0.40378,0.39419
06/04/2022,0.39121,N/A,0.38614,0.39437,0.38965
06/03/2022,0.38648,N/A,0.40845,0.39118,0.38497
06/02/2022,0.40815,N/A,0.39739,0.41032,0.40391
06/01/2022,0.3941,N/A,0.41712,0.39922,0.3941
05/31/2022,0.41757,N/A,0.4186,0.42625,0.41716
05/30/2022,0.39838,N/A,0.3858,0.40495,0.38699
05/29/2022,0.39771,N/A,0.38276,0.40189,0.38699
05/28/2022,0.38207,N/A,0.38524,0.38692,0.37945
05/27/2022,0.38508,N/A,0.39866,0.3872,0.38068
05/26/2022,0.39905,N/A,0.40817,0.40001,0.38576
05/25/2022,0.40761,N/A,0.41108,0.41088,0.40582
05/24/2022,0.4113,N/A,0.41142,0.41329,0.40658
05/23/2022,0.41113,N/A,0.41995,0.41209,0.4037
05/22/2022,0.41987,N/A,0.413,0.42479,0.41774
05/21/2022,0.41245,N/A,0.41166,0.41578,0.41218
05/20/2022,0.41019,N/A,0.4313,0.41232,0.40368
05/19/2022,0.43086,N/A,0.40951,0.43395,0.41751
05/18/2022,0.4103,N/A,0.42847,0.4128,0.392
05/17/2022,0.42826,N/A,0.43483,0.44248,0.42775
05/16/2022,0.43604,N/A,0.43325,0.43708,0.42291
05/15/2022,0.43186,N/A,0.4191,0.44798,0.43077
05/14/2022,0.41847,N/A,0.4353,0.43065,0.41537
05/13/2022,0.43519,N/A,0.44527,0.44069,0.42042
05/12/2022,0.44385,N/A,0.3817,0.44485,0.38092
05/11/2022,0.38672,N/A,0.51508,0.4288,0.38088
05/10/2022,0.51651,N/A,0.49942,0.52239,0.50719
05/09/2022,0.50104,N/A,0.56429,0.50871,0.47336
05/08/2022,0.56728,N/A,0.57468,0.57851,0.55812
05/07/2022,0.57389,N/A,0.59497,0.58286,0.56973
05/06/2022,0.59702,N/A,0.60957,0.6043,0.59571
05/05/2022,0.60802,N/A,0.64894,0.61571,0.59458
05/04/2022,0.64928,N/A,0.61512,0.6567,0.64582
05/03/2022,0.61546,N/A,0.62371,0.61811,0.60422
05/02/2022,0.62283,N/A,0.61857,0.62727,0.61429
05/01/2022,0.61891,N/A,0.59145,0.6235,0.60532
04/30/2022,0.59047,N/A,0.61977,0.59385,0.57763
04/29/2022,0.62007,N/A,0.63696,0.62141,0.61054
04/28/2022,0.63646,N/A,0.64786,0.64692,0.63356
04/27/2022,0.64767,N/A,0.64926,0.65566,0.64761
04/26/2022,0.64952,N/A,0.69661,0.65172,0.63702
04/25/2022,0.69581,N/A,0.68215,0.70558,0.68946
04/24/2022,0.68231,N/A,0.70961,0.69926,0.67738
04/23/2022,0.70984,N/A,0.71247,0.71048,0.70535
04/22/2022,0.71155,N/A,0.73179,0.72631,0.70917
04/21/2022,0.73229,N/A,0.75369,0.73495,0.72901
04/20/2022,0.7536,N/A,0.76862,0.75711,0.7513
04/19/2022,0.76775,N/A,0.76933,0.77512,0.76259
04/18/2022,0.76756,N/A,0.75785,0.77639,0.76723
04/17/2022,0.77561,N/A,0.77481,0.78582,0.77148
04/16/2022,0.7752,N/A,0.78432,0.78468,0.77148
04/15/2022,0.78613,N/A,0.78681,0.7988,0.77886
04/14/2022,0.78729,N/A,0.73645,0.78729,0.72625
04/13/2022,0.73465,N/A,0.71462,0.7406,0.72221
04/12/2022,0.71571,N/A,0.70027,0.71945,0.71024
04/11/2022,0.70109,N/A,0.73872,0.70496,0.69364
04/10/2022,0.73853,N/A,0.76585,0.7555,0.7323
04/09/2022,0.7663,N/A,0.76171,0.76816,0.76001
04/08/2022,0.76109,N/A,0.79299,0.76271,0.75408
04/07/2022,0.79119,N/A,0.76899,0.79192,0.78485
04/06/2022,0.76855,N/A,0.80906,0.7733,0.75295
04/05/2022,0.80952,N/A,0.8268,0.81733,0.782
04/04/2022,0.82715,N/A,0.83026,0.83066,0.82357
04/03/2022,0.83093,N/A,0.82799,0.84317,0.82935
04/02/2022,0.82946,N/A,0.82898,0.84972,0.8203
04/01/2022,0.83707,N/A,0.82037,0.84058,0.82483
03/31/2022,0.81637,N/A,0.86191,0.83136,0.80804
03/30/2022,0.86266,N/A,0.86139,0.87097,0.85837
03/29/2022,0.86229,N/A,0.87072,0.86391,0.84659
03/28/2022,0.8707,N/A,0.87025,0.87874,0.8629
03/27/2022,0.86953,N/A,0.83584,0.87259,0.85351
03/26/2022,0.83418,N/A,0.82655,0.84235,0.83121
03/25/2022,0.82622,N/A,0.83936,0.82752,0.82067
03/24/2022,0.8387,N/A,0.83174,0.84547,0.83763
03/23/2022,0.83418,N/A,0.82801,0.84479,0.82739
03/22/2022,0.82818,N/A,0.85153,0.84563,0.82722
03/21/2022,0.85407,N/A,0.79948,0.85929,0.83486
03/20/2022,0.79872,N/A,0.8141,0.80831,0.78882
03/19/2022,0.81518,N/A,0.79672,0.8217,0.80863
03/18/2022,0.79276,N/A,0.7878,0.79915,0.79181
03/17/2022,0.7869,N/A,0.79298,0.80049,0.7839
03/16/2022,0.79274,N/A,0.76078,0.79811,0.78794
03/15/2022,0.76095,N/A,0.76235,0.78846,0.75948
03/14/2022,0.76223,N/A,0.76147,0.77608,0.75967
03/13/2022,0.75925,N/A,0.79604,0.77961,0.74565
03/12/2022,0.79806,N/A,0.81114,0.79905,0.78417
03/11/2022,0.81535,N/A,0.73642,0.84877,0.79675
03/10/2022,0.73611,N/A,0.7396,0.73966,0.72749
03/09/2022,0.74189,N/A,0.74819,0.77842,0.73828
03/08/2022,0.74835,N/A,0.72679,0.74983,0.72021
03/07/2022,0.72642,N/A,0.72136,0.7299,0.7164
03/06/2022,0.72269,N/A,0.74277,0.72627,0.7093
03/03/2022,0.7513,N/A,0.76885,0.78857,0.73518
03/02/2022,0.76931,N/A,0.77434,0.78857,0.76031
03/01/2022,0.77554,N/A,0.77677,0.78396,0.76482
02/28/2022,0.77493,N/A,0.72028,0.78835,0.76463
02/27/2022,0.72015,N/A,0.73444,0.7315,0.71108
02/26/2022,0.7359,N/A,0.77539,0.7533,0.72266
02/25/2022,0.77694,N/A,0.69964,0.79063,0.76603
02/24/2022,0.69516,N/A,0.63936,0.70459,0.68852
02/23/2022,0.64852,N/A,0.71066,0.70326,0.63021
02/22/2022,0.71538,N/A,0.67851,0.72719,0.70571
02/21/2022,0.68047,N/A,0.78734,0.71353,0.67499
02/20/2022,0.79536,N/A,0.79839,0.80041,0.76989
02/19/2022,0.79417,N/A,0.79076,0.82272,0.79006
02/18/2022,0.78953,N/A,0.78666,0.79715,0.78372
02/17/2022,0.7842,N/A,0.82262,0.79003,0.76395
02/16/2022,0.82378,N/A,0.83265,0.84449,0.81112
02/15/2022,0.8323,N/A,0.8211,0.85173,0.82582
02/14/2022,0.82162,N/A,0.79376,0.83906,0.79627
02/13/2022,0.79212,N/A,0.82014,0.81103,0.78343
02/12/2022,0.82092,N/A,0.77277,0.83649,0.81198
02/11/2022,0.77158,N/A,0.82153,0.77872,0.75453
02/10/2022,0.82329,N/A,0.87268,0.82956,0.80894
02/09/2022,0.86688,N/A,0.85629,0.87905,0.85376
02/08/2022,0.85592,N/A,0.87388,0.90057,0.8443
02/07/2022,0.87072,N/A,0.72453,0.88599,0.81374
02/06/2022,0.72215,N/A,0.66841,0.7287,0.67173
02/05/2022,0.66822,N/A,0.67086,0.67438,0.66448
02/04/2022,0.67073,N/A,0.60914,0.68613,0.65019
02/03/2022,0.60971,N/A,0.60259,0.61248,0.60446
02/02/2022,0.60362,N/A,0.62583,0.60369,0.59742
02/01/2022,0.62525,N/A,0.62392,0.63115,0.62314
01/31/2022,0.62346,N/A,0.5832,0.62757,0.61117
01/30/2022,0.58392,N/A,0.61887,0.6016,0.581
01/29/2022,0.61745,N/A,0.61313,0.61939,0.61118
01/28/2022,0.61319,N/A,0.60611,0.61551,0.60914
01/27/2022,0.6051,N/A,0.59755,0.61316,0.59869
01/26/2022,0.5974,N/A,0.63065,0.62405,0.58992
01/25/2022,0.60071,N/A,0.56824,0.61206,0.58659
01/24/2022,0.59425,N/A,0.60587,0.61206,0.59354
01/23/2022,0.60643,N/A,0.60604,0.62868,0.60621
01/22/2022,0.60559,N/A,0.64224,0.60991,0.5903
01/21/2022,0.64125,N/A,0.69595,0.65281,0.63065
01/20/2022,0.69706,N/A,0.74432,0.72835,0.68851
01/19/2022,0.74447,N/A,0.74237,0.74843,0.73786
01/18/2022,0.7426,N/A,0.75274,0.75318,0.73722
01/17/2022,0.75307,N/A,0.76212,0.76844,0.7508
01/16/2022,0.76403,N/A,0.77911,0.78022,0.76191
01/15/2022,0.77931,N/A,0.77187,0.78097,0.77289
01/14/2022,0.77148,N/A,0.77593,0.77732,0.76927
01/13/2022,0.7779,N/A,0.791,0.77799,0.76436
01/12/2022,0.7908,N/A,0.76801,0.8021,0.78527
01/11/2022,0.76893,N/A,0.75012,0.77928,0.76774
01/10/2022,0.74802,N/A,0.75848,0.75497,0.73285
01/09/2022,0.76213,N/A,0.7538,0.7665,0.73842
01/08/2022,0.75487,N/A,0.77116,0.7573,0.74147
01/07/2022,0.77191,N/A,0.74918,0.77465,0.76076
01/06/2022,0.74893,N/A,0.76097,0.78057,0.72996
01/05/2022,0.75832,N/A,0.83012,0.77778,0.74764
01/04/2022,0.83041,N/A,0.82771,0.83265,0.82124
01/03/2022,0.82721,N/A,0.84284,0.83409,0.82331
01/02/2022,0.84451,N/A,0.83942,0.85867,0.8443
01/01/2022,0.8413,N/A,0.83531,0.85081,0.84088
12/31/2021,0.83614,N/A,0.83876,0.85102,0.82997
12/30/2021,0.83887,N/A,0.82461,0.8447,0.82852
12/29/2021,0.82467,N/A,0.85869,0.82854,0.8042
12/28/2021,0.8583,N/A,0.8943,0.86439,0.85125
12/27/2021,0.88446,N/A,0.924,0.92671,0.86993
12/26/2021,0.92242,N/A,0.90789,0.92799,0.91592
12/25/2021,0.91099,N/A,0.91368,0.93305,0.90568
12/24/2021,0.92108,N/A,0.97523,0.92342,0.89917
12/23/2021,0.9739,N/A,0.99273,0.99588,0.96843
12/22/2021,0.99723,N/A,0.97009,1.01005,0.9387
12/21/2021,0.96194,N/A,0.88011,0.97141,0.93301
12/20/2021,0.87967,N/A,0.90346,0.8905,0.85315
12/19/2021,0.82782,N/A,0.83091,0.83982,0.81969
12/18/2021,0.83955,N/A,0.81097,0.83973,0.81969
12/17/2021,0.80896,N/A,0.8133,0.81006,0.79116
12/16/2021,0.81366,N/A,0.82442,0.81467,0.80319
12/15/2021,0.82432,N/A,0.80827,0.83616,0.82233
12/14/2021,0.80817,N/A,0.78684,0.82379,0.80172
12/13/2021,0.78532,N/A,0.82608,0.79616,0.77392
12/12/2021,0.82519,N/A,0.8213,0.84387,0.81727
12/11/2021,0.82235,N/A,0.8283,0.84162,0.82049
12/10/2021,0.82647,N/A,0.84748,0.82736,0.78641
12/09/2021,0.84705,N/A,0.85444,0.88198,0.84417
12/08/2021,0.85363,N/A,0.81284,0.87171,0.84339
12/07/2021,0.81001,N/A,0.83079,0.82181,0.80486
12/06/2021,0.83027,N/A,0.79716,0.84411,0.82229
12/05/2021,0.79744,N/A,0.82358,0.80683,0.77455
12/04/2021,0.79867,N/A,0.96111,0.92437,0.62065
12/03/2021,0.86083,N/A,0.96992,0.92437,0.86083
12/02/2021,0.96896,N/A,0.96983,0.97387,0.95911
12/01/2021,0.96882,N/A,1.00719,0.98995,0.95647
11/30/2021,1.00654,N/A,1.00051,1.01355,0.99363
11/29/2021,0.99996,N/A,0.9758,1.01474,0.98923
11/28/2021,0.9764,N/A,0.90674,0.98245,0.96695
11/27/2021,0.90824,N/A,0.95859,0.9464,0.89336
11/26/2021,0.95935,N/A,1.02747,0.95981,0.93563
11/25/2021,1.02818,N/A,1.03408,1.04635,1.02459
11/24/2021,1.03414,N/A,1.04355,1.05157,1.02658
11/23/2021,1.04345,N/A,1.05063,1.07289,1.03699
11/22/2021,1.05059,N/A,1.03391,1.05567,1.03082
11/21/2021,1.03914,N/A,1.07581,1.0587,1.0299
11/20/2021,1.07585,N/A,1.08739,1.09715,1.07371
11/19/2021,1.08672,N/A,1.04256,1.09946,1.08377
11/18/2021,1.03963,N/A,1.11372,1.05589,1.01839
11/17/2021,1.13403,N/A,1.07536,1.15799,1.09111
11/16/2021,1.06612,N/A,1.12899,1.09717,1.05976
11/15/2021,1.1297,N/A,1.21363,1.17222,1.10706
11/14/2021,1.21898,N/A,1.18739,1.21934,1.1881
11/13/2021,1.1874,N/A,1.1746,1.1992,1.18536
11/12/2021,1.17718,N/A,1.21487,1.19751,1.17306
11/11/2021,1.21766,N/A,1.20597,1.23284,1.19831
11/10/2021,1.20279,N/A,1.23804,1.20475,1.17713
11/09/2021,1.23754,N/A,1.27045,1.26394,1.22155
11/08/2021,1.26538,N/A,1.27495,1.28767,1.25731
11/07/2021,1.28079,N/A,1.15399,1.28237,1.21795
11/06/2021,1.15219,N/A,1.16615,1.16002,1.14525
11/05/2021,1.1652,N/A,1.19657,1.17332,1.15315
11/04/2021,1.19307,N/A,1.2256,1.20139,1.17133
11/03/2021,1.22586,N/A,1.14695,1.25508,1.19643
11/02/2021,1.14132,N/A,1.09804,1.15021,1.12586
11/01/2021,1.09675,N/A,1.07828,1.09944,1.08558
10/31/2021,1.07849,N/A,1.10655,1.131,1.07822
10/30/2021,1.10814,N/A,1.07815,1.11714,1.08369
10/29/2021,1.07959,N/A,1.08193,1.08421,1.07231
10/28/2021,1.07333,N/A,1.00388,1.0861,1.05521
10/27/2021,1.00537,N/A,1.11379,1.01009,0.9822
10/26/2021,1.11126,N/A,1.11675,1.12462,1.10065
10/25/2021,1.11375,N/A,1.09262,1.12403,1.09314
10/24/2021,1.09175,N/A,1.09047,1.09923,1.07836
10/23/2021,1.09296,N/A,1.09031,1.09548,1.08715
10/22/2021,1.09221,N/A,1.1017,1.0942,1.08186
10/21/2021,1.10757,N/A,1.14505,1.10913,1.08836
10/20/2021,1.14321,N/A,1.0998,1.16343,1.12854
10/19/2021,1.1051,N/A,1.09696,1.1078,1.08703
10/18/2021,1.09658,N/A,1.09569,1.09965,1.07762
10/17/2021,1.09249,N/A,1.13489,1.10583,1.08934
10/16/2021,1.13518,N/A,1.13747,1.13731,1.1202
10/15/2021,1.13805,N/A,1.13513,1.14914,1.13154
10/14/2021,1.13653,N/A,1.13001,1.13855,1.10549
10/13/2021,1.12942,N/A,1.11948,1.13774,1.12181
10/12/2021,1.1187,N/A,1.0922,1.12541,1.09202
10/11/2021,1.0939,N/A,1.16636,1.1363,1.0815
10/10/2021,1.16432,N/A,1.1662,1.16584,1.12901
10/09/2021,1.16263,N/A,1.06992,1.17307,1.13501
10/08/2021,1.06914,N/A,1.06535,1.07064,1.05756
10/07/2021,1.06408,N/A,1.05811,1.07911,1.05992
10/06/2021,1.06032,N/A,1.06675,1.0874,1.04492
10/05/2021,1.06782,N/A,1.04611,1.08459,1.06398
10/04/2021,1.04147,N/A,1.02662,1.05584,1.03819
10/03/2021,1.02845,N/A,1.04226,1.05956,1.02714
10/02/2021,1.03727,N/A,1.01455,1.04861,1.0211
10/01/2021,1.01617,N/A,0.94968,1.04309,1.01585
09/30/2021,0.94799,N/A,0.95861,0.9599,0.94442
09/29/2021,0.95532,N/A,0.91487,0.95841,0.92219
09/28/2021,0.91278,N/A,0.93385,0.91381,0.88656
09/27/2021,0.9658,N/A,0.91702,0.98126,0.93635
09/26/2021,0.96658,N/A,0.92589,0.98126,0.93635
09/25/2021,0.92548,N/A,0.94579,0.94252,0.91383
09/24/2021,0.94575,N/A,0.98263,0.95151,0.93116
09/23/2021,0.98605,N/A,1.01002,1.00242,0.98541
09/22/2021,1.01016,N/A,0.92248,1.01376,0.9797
09/21/2021,0.92635,N/A,0.94751,0.93669,0.86813
09/20/2021,0.93839,N/A,0.98207,0.95272,0.86745
09/19/2021,0.98318,N/A,1.06754,1.04944,0.97472
09/18/2021,1.06962,N/A,1.0775,1.07795,1.065
09/17/2021,1.07104,N/A,1.09613,1.07379,1.05683
09/16/2021,1.0928,N/A,1.10069,1.09735,1.08376
09/15/2021,1.10029,N/A,1.087,1.12973,1.09355
09/14/2021,1.08667,N/A,1.0729,1.09845,1.0841
09/13/2021,1.07538,N/A,1.06595,1.07709,1.05817
09/12/2021,1.08158,N/A,1.07778,1.12603,1.07904
09/11/2021,1.07738,N/A,1.06174,1.08423,1.05809
09/10/2021,1.05644,N/A,1.13535,1.07672,1.05134
09/09/2021,1.1329,N/A,1.09108,1.24271,1.08589
09/08/2021,1.08689,N/A,1.10083,1.12481,1.08172
09/07/2021,1.10592,N/A,1.36811,1.14727,1.0984
09/06/2021,1.36896,N/A,1.3176,1.39191,1.36621
09/05/2021,1.25809,N/A,1.2794,1.26562,1.23675
09/04/2021,1.245,N/A,1.28262,1.26562,1.24407
09/03/2021,1.2818,N/A,1.2749,1.29667,1.26761
09/02/2021,1.27081,N/A,1.25058,1.27139,1.22389
09/01/2021,1.24814,N/A,1.18296,1.25744,1.22205
08/31/2021,1.18002,N/A,1.12482,1.19478,1.15955
08/30/2021,1.1261,N/A,1.12685,1.12711,1.09152
08/29/2021,1.12632,N/A,1.12436,1.14449,1.1204
08/28/2021,1.12536,N/A,1.16401,1.16811,1.11912
08/27/2021,1.16677,N/A,1.07554,1.19791,1.16468
08/26/2021,1.11765,N/A,1.12027,1.18648,1.10403
08/25/2021,1.13967,N/A,1.14716,1.18648,1.13201
08/24/2021,1.14629,N/A,1.2348,1.1709,1.13512
08/23/2021,1.23384,N/A,1.2511,1.25101,1.21836
08/22/2021,1.24946,N/A,1.2283,1.25444,1.22118
08/21/2021,1.227,N/A,1.26845,1.24088,1.21436
08/20/2021,1.27034,N/A,1.20666,1.28262,1.23279
08/19/2021,1.20587,N/A,1.11813,1.23581,1.19994
08/18/2021,1.12694,N/A,1.10918,1.16958,1.11251
08/17/2021,1.10316,N/A,1.20792,1.11567,1.0522
08/16/2021,1.20455,N/A,1.27937,1.22197,1.12123
08/15/2021,1.28763,N/A,1.30287,1.32792,1.26062
08/14/2021,1.31202,N/A,1.087,1.34807,1.2678
08/13/2021,1.08389,N/A,0.98253,1.10883,1.07095
08/12/2021,0.98337,N/A,1.02156,0.98702,0.95173
08/11/2021,1.03529,N/A,0.87613,1.04384,0.99673
08/10/2021,0.87229,N/A,0.80436,0.88102,0.84927
08/09/2021,0.80528,N/A,0.78279,0.82236,0.80284
08/08/2021,0.78216,N/A,0.8174,0.78284,0.76058
08/07/2021,0.81531,N/A,0.7646,0.84032,0.79825
08/06/2021,0.76293,N/A,0.72897,0.76482,0.74124
08/05/2021,0.7286,N/A,0.72756,0.74109,0.72809
08/04/2021,0.72678,N/A,0.71125,0.73362,0.72005
08/03/2021,0.71283,N/A,0.72364,0.72285,0.71041
08/02/2021,0.72099,N/A,0.73031,0.74441,0.71976
08/01/2021,0.73008,N/A,0.77361,0.73262,0.71673
07/31/2021,0.77537,N/A,0.75073,0.77636,0.74092
07/30/2021,0.75167,N/A,0.75187,0.75794,0.7436
07/29/2021,0.75517,N/A,0.7044,0.76018,0.735
07/28/2021,0.7021,N/A,0.64485,0.73885,0.69777
07/27/2021,0.64138,N/A,0.61663,0.64857,0.63593
07/26/2021,0.6195,N/A,0.65081,0.6335,0.61272
07/25/2021,0.65189,N/A,0.60665,0.65885,0.60502
07/24/2021,0.60641,N/A,0.59484,0.61383,0.60219
07/23/2021,0.60639,N/A,0.59722,0.6104,0.6034
07/22/2021,0.59612,N/A,0.5651,0.60166,0.5886
07/21/2021,0.56511,N/A,0.53251,0.57785,0.56107
07/20/2021,0.53217,N/A,0.52408,0.53296,0.51981
07/19/2021,0.52325,N/A,0.58369,0.5692,0.52018
07/18/2021,0.58349,N/A,0.59538,0.58871,0.57558
07/17/2021,0.59617,N/A,0.57953,0.60112,0.58167
07/16/2021,0.57957,N/A,0.61018,0.59714,0.56785
07/15/2021,0.61036,N/A,0.61602,0.61707,0.594
07/14/2021,0.61529,N/A,0.61063,0.62613,0.61246
07/13/2021,0.59002,N/A,0.62872,0.62095,0.5869
07/12/2021,0.62803,N/A,0.64272,0.63274,0.62555
07/11/2021,0.64692,N/A,0.62255,0.64859,0.63287
07/10/2021,0.62072,N/A,0.6324,0.62955,0.62004
07/09/2021,0.63328,N/A,0.60825,0.64841,0.63052
07/08/2021,0.61717,N/A,0.63927,0.62308,0.5934
07/07/2021,0.63798,N/A,0.66935,0.65382,0.62915
07/06/2021,0.66903,N/A,0.66399,0.66903,0.65904
07/05/2021,0.66313,N/A,0.67981,0.66451,0.65185
07/04/2021,0.67704,N/A,0.67644,0.69614,0.67641
07/03/2021,0.67716,N/A,0.64468,0.68013,0.64387
07/02/2021,0.64455,N/A,0.6412,0.65805,0.64387
07/01/2021,0.64036,N/A,0.67438,0.6671,0.63987
06/30/2021,0.67421,N/A,0.67781,0.70542,0.67314
06/29/2021,0.68133,N/A,0.64872,0.714,0.68133
06/28/2021,0.64845,N/A,0.63733,0.66124,0.64228
06/27/2021,0.63858,N/A,0.6296,0.65338,0.63571
06/26/2021,0.62909,N/A,0.61834,0.62915,0.60888
06/25/2021,0.61898,N/A,0.68075,0.62592,0.60612
06/24/2021,0.67912,N/A,0.63223,0.6881,0.65806
06/23/2021,0.62668,N/A,0.60435,0.66054,0.61716
06/22/2021,0.60066,N/A,0.64124,0.61909,0.52269
06/21/2021,0.6449,N/A,0.72675,0.64888,0.57373
06/20/2021,0.72873,N/A,0.74758,0.77885,0.72631
06/19/2021,0.74807,N/A,0.78558,0.75965,0.7323
06/18/2021,0.78453,N/A,0.83898,0.80499,0.78395
06/17/2021,0.8388,N/A,0.85566,0.84141,0.83026
06/16/2021,0.85642,N/A,0.86451,0.86084,0.83126
06/15/2021,0.86513,N/A,0.88653,0.86663,0.85317
06/14/2021,0.8868,N/A,0.87023,0.90115,0.87674
06/13/2021,0.86954,N/A,0.82502,0.89154,0.86749
06/12/2021,0.82524,N/A,0.81896,0.84193,0.82394
06/11/2021,0.8111,N/A,0.86858,0.84757,0.80638
06/10/2021,0.86577,N/A,0.89349,0.87383,0.84691
06/09/2021,0.89561,N/A,0.84577,0.92699,0.89503
06/08/2021,0.84666,N/A,0.84582,0.87567,0.83149
06/07/2021,0.8451,N/A,0.96709,0.87132,0.82926
06/06/2021,0.96255,N/A,0.93605,0.97376,0.94511
06/05/2021,0.93665,N/A,0.9872,0.94091,0.91773
06/04/2021,0.98052,N/A,0.99309,0.99016,0.96324
06/03/2021,0.99688,N/A,1.01696,1.04588,0.95632
06/02/2021,1.02543,N/A,1.0025,1.0331,1.00778
06/01/2021,1.00504,N/A,1.04393,1.01631,0.98136
05/31/2021,1.03471,N/A,0.89789,1.0973,1.02705
05/30/2021,0.88959,N/A,0.83824,0.94276,0.88318
05/29/2021,0.83964,N/A,0.92868,0.84205,0.79877
05/28/2021,0.92264,N/A,0.97069,0.93534,0.89563
05/27/2021,0.96507,N/A,0.95161,0.98301,0.94933
05/26/2021,0.94243,N/A,1.00971,1.0403,0.93389
05/25/2021,1.00358,N/A,0.97741,1.01224,0.9489
05/24/2021,0.97661,N/A,0.79425,1.0527,0.95204
05/23/2021,0.79676,N/A,0.92382,0.82314,0.75667
05/22/2021,0.92247,N/A,0.93411,0.96587,0.87979
05/21/2021,0.93988,N/A,1.15021,1.01342,0.93707
05/20/2021,1.1523,N/A,1.10597,1.21581,1.14958
05/19/2021,1.09468,N/A,1.48576,1.11249,0.91194
05/18/2021,1.49511,N/A,1.52409,1.64286,1.45973
05/17/2021,1.5191,N/A,1.35541,1.5319,1.47421
05/16/2021,1.36595,N/A,1.59519,1.4484,1.34009
05/15/2021,1.57626,N/A,1.3953,1.59602,1.48591
05/14/2021,1.39694,N/A,1.3333,1.42712,1.37838
05/13/2021,1.33975,N/A,1.33282,1.37334,1.33137
05/12/2021,1.31952,N/A,1.53838,1.35212,1.20537
05/11/2021,1.52604,N/A,1.38312,1.53448,1.47261
05/10/2021,1.38523,N/A,1.58892,1.44365,1.3587
05/09/2021,1.58609,N/A,1.52148,1.59584,1.52398
05/08/2021,1.55598,N/A,1.60337,1.59317,1.5533
05/07/2021,1.60381,N/A,1.55147,1.61806,1.56182
05/06/2021,1.56578,N/A,1.69812,1.62134,1.52011
05/05/2021,1.69294,N/A,1.43376,1.76001,1.61386
05/04/2021,1.4608,N/A,1.46059,1.46216,1.39752
05/03/2021,1.4461,N/A,1.58304,1.55703,1.41283
05/02/2021,1.58014,N/A,1.55878,1.59807,1.55303
05/01/2021,1.57292,N/A,1.59563,1.65348,1.57257
04/30/2021,1.60375,N/A,1.39846,1.62527,1.55588
04/29/2021,1.39856,N/A,1.38104,1.40511,1.37604
04/28/2021,1.37516,N/A,1.38305,1.40815,1.32815
04/27/2021,1.39756,N/A,1.41821,1.44663,1.38233
04/26/2021,1.42096,N/A,1.13139,1.45828,1.34764
04/25/2021,1.1285,N/A,1.0401,1.14699,1.01794
04/24/2021,1.04257,N/A,1.12927,1.07183,1.03182
04/23/2021,1.13332,N/A,1.07064,1.17095,1.09342
04/22/2021,1.06826,N/A,1.28615,1.19593,0.89374
04/21/2021,1.28104,N/A,1.40397,1.34175,1.27003
04/20/2021,1.41184,N/A,1.25437,1.46239,1.36477
04/19/2021,1.25854,N/A,1.46116,1.32224,1.18308
04/18/2021,1.47586,N/A,1.33832,1.47647,1.36135
04/17/2021,1.25931,N/A,1.61141,1.56266,1.16193
04/16/2021,1.60176,N/A,1.73369,1.64544,1.53728
04/15/2021,1.73997,N/A,1.7662,1.80402,1.71021
04/14/2021,1.75813,N/A,1.81966,1.88408,1.71221
04/13/2021,1.80931,N/A,1.44644,1.84071,1.74907
04/12/2021,1.44305,N/A,1.34722,1.47542,1.42122
04/11/2021,1.34773,N/A,1.44451,1.36864,1.3197
04/10/2021,1.43871,N/A,1.07012,1.48162,1.34919
04/09/2021,1.06395,N/A,1.02164,1.06729,1.00711
04/08/2021,1.02005,N/A,0.92128,1.05998,1.01013
04/07/2021,0.91549,N/A,1.05278,0.94407,0.90415
04/06/2021,1.05902,N/A,0.8696,1.10128,1.03184
04/05/2021,0.88472,N/A,0.68088,0.93929,0.81318
04/04/2021,0.68523,N/A,0.59125,0.70123,0.61963
04/03/2021,0.59044,N/A,0.62267,0.59597,0.56884
04/02/2021,0.61885,N/A,0.57032,0.63635,0.60656
04/01/2021,0.57217,N/A,0.57757,0.58113,0.56818
03/31/2021,0.57154,N/A,0.56138,0.59179,0.56473
03/30/2021,0.54632,N/A,0.56266,0.57137,0.53095
03/29/2021,0.56053,N/A,0.55741,0.56917,0.55924
03/28/2021,0.55893,N/A,0.55115,0.56448,0.54371
03/27/2021,0.54969,N/A,0.55861,0.55416,0.54377
03/26/2021,0.55845,N/A,0.52662,0.57414,0.55556
03/25/2021,0.53379,N/A,0.48495,0.53551,0.51046
03/24/2021,0.48258,N/A,0.54355,0.49169,0.46029
03/23/2021,0.54399,N/A,0.5788,0.55184,0.53643
03/22/2021,0.57554,N/A,0.51426,0.59555,0.54244
03/21/2021,0.51441,N/A,0.51632,0.5185,0.5024
03/20/2021,0.51607,N/A,0.47345,0.54625,0.50654
03/19/2021,0.474,N/A,0.46901,0.47892,0.46472
03/18/2021,0.46913,N/A,0.47293,0.47114,0.45977
03/17/2021,0.47283,N/A,0.47141,0.47847,0.46582
03/16/2021,0.47363,N/A,0.45809,0.48159,0.45749
03/15/2021,0.45784,N/A,0.44248,0.4632,0.42752
03/14/2021,0.44266,N/A,0.45898,0.44538,0.43551
03/13/2021,0.457,N/A,0.44238,0.4615,0.45202
03/12/2021,0.44131,N/A,0.45579,0.4415,0.43274
03/11/2021,0.45564,N/A,0.45685,0.46385,0.44568
03/10/2021,0.45605,N/A,0.4655,0.4641,0.45066
03/09/2021,0.46449,N/A,0.48027,0.48804,0.456
03/08/2021,0.48117,N/A,0.46495,0.48656,0.47178
03/07/2021,0.46507,N/A,0.4608,0.47267,0.46221
03/06/2021,0.46076,N/A,0.4608,0.46646,0.45921
03/05/2021,0.45994,N/A,0.45603,0.47019,0.45404
03/04/2021,0.46143,N/A,0.43732,0.48268,0.44664
03/03/2021,0.43833,N/A,0.44139,0.45875,0.43684
03/02/2021,0.44268,N/A,0.44276,0.44302,0.4314
03/01/2021,0.44142,N/A,0.41978,0.45414,0.43783
02/28/2021,0.42046,N/A,0.4113,0.42676,0.41226
02/27/2021,0.41663,N/A,0.44229,0.43789,0.41651
02/26/2021,0.44215,N/A,0.43647,0.44399,0.42778
02/25/2021,0.43633,N/A,0.46326,0.44292,0.413
02/24/2021,0.46446,N/A,0.48937,0.48146,0.46221
02/23/2021,0.49303,N/A,0.53685,0.49854,0.45857
02/22/2021,0.53017,N/A,0.52602,0.5706,0.52581
02/21/2021,0.5233,N/A,0.52385,0.54651,0.51627
02/20/2021,0.51998,N/A,0.56768,0.53201,0.50521
02/19/2021,0.57133,N/A,0.52658,0.57385,0.55568
02/18/2021,0.52562,N/A,0.54694,0.53792,0.51489
02/17/2021,0.54476,N/A,0.50105,0.54966,0.53435
02/16/2021,0.50321,N/A,0.57291,0.52945,0.49784
02/15/2021,0.57291,N/A,0.53861,0.57897,0.53533
02/14/2021,0.53769,N/A,0.61163,0.60394,0.51117
02/13/2021,0.6138,N/A,0.62585,0.63792,0.6018
02/12/2021,0.6359,N/A,0.54995,0.64209,0.60604
02/11/2021,0.54685,N/A,0.51149,0.56858,0.51961
02/10/2021,0.51198,N/A,0.48238,0.52733,0.5015
02/09/2021,0.48212,N/A,0.4818,0.49729,0.47119
02/08/2021,0.48119,N/A,0.42141,0.48937,0.44989
02/07/2021,0.42129,N/A,0.42687,0.42836,0.4128
02/06/2021,0.42196,N/A,0.43015,0.45029,0.42195
02/05/2021,0.43297,N/A,0.44408,0.45593,0.42685
02/04/2021,0.44681,N/A,0.38725,0.47078,0.42851
02/03/2021,0.38659,N/A,0.3853,0.39847,0.38186
02/02/2021,0.38666,N/A,0.38183,0.39706,0.3723
02/01/2021,0.37869,N/A,0.57085,0.39409,0.34132
01/31/2021,0.57439,N/A,0.4062,0.59712,0.46155
01/30/2021,0.39955,N/A,0.2911,0.44424,0.39005
01/29/2021,0.28734,N/A,0.27737,0.30569,0.27879
01/28/2021,0.27133,N/A,0.25618,0.27211,0.26038
01/27/2021,0.25548,N/A,0.2649,0.25675,0.24728
01/26/2021,0.26457,N/A,0.26677,0.26861,0.2634
01/25/2021,0.26629,N/A,0.2782,0.27082,0.26317
01/24/2021,0.2778,N/A,0.27488,0.28094,0.27318
01/23/2021,0.27397,N/A,0.27708,0.27608,0.26906
01/22/2021,0.27737,N/A,0.26711,0.28303,0.2703
01/21/2021,0.26671,N/A,0.2927,0.27164,0.24165
01/20/2021,0.29486,N/A,0.28832,0.3072,0.28858
01/19/2021,0.28892,N/A,0.29017,0.29895,0.28316
01/18/2021,0.29075,N/A,0.27336,0.29436,0.28409
01/17/2021,0.27278,N/A,0.27938,0.27873,0.27171
01/16/2021,0.28081,N/A,0.28025,0.28538,0.27591
01/15/2021,0.27959,N/A,0.29285,0.28624,0.27815
01/14/2021,0.29396,N/A,0.29607,0.30301,0.29315
01/13/2021,0.29618,N/A,0.29186,0.30864,0.28358
01/12/2021,0.29108,N/A,0.30005,0.29673,0.28544
01/11/2021,0.29838,N/A,0.27835,0.30883,0.28002
01/10/2021,0.27985,N/A,0.3329,0.31567,0.25579
01/09/2021,0.33272,N/A,0.31949,0.33909,0.32433
01/08/2021,0.3201,N/A,0.31212,0.32728,0.30626
01/07/2021,0.31195,N/A,0.29247,0.34591,0.28574
01/06/2021,0.29655,N/A,0.22718,0.31613,0.2457
01/05/2021,0.22667,N/A,0.22785,0.23449,0.22162
01/04/2021,0.2299,N/A,0.23953,0.2393,0.22525
01/03/2021,0.23579,N/A,0.22282,0.23747,0.2229
01/02/2021,0.22348,N/A,0.23469,0.22488,0.21746
01/01/2021,0.23395,N/A,0.23918,0.23806,0.23083
12/31/2020,0.24277,N/A,0.21481,0.24956,0.21643
12/30/2020,0.21501,N/A,0.19817,0.21862,0.20543
12/29/2020,0.20001,N/A,0.22662,0.22278,0.19217
12/28/2020,0.22714,N/A,0.28107,0.24924,0.22037
12/27/2020,0.28132,N/A,0.29412,0.28696,0.27897
12/26/2020,0.29594,N/A,0.30954,0.30253,0.2901
12/25/2020,0.31457,N/A,0.33321,0.32293,0.30247
12/24/2020,0.33293,N/A,0.27527,0.35761,0.325
12/23/2020,0.2748,N/A,0.38231,0.30362,0.2525
12/22/2020,0.39056,N/A,0.48694,0.44785,0.3897
12/21/2020,0.48473,N/A,0.56324,0.5215,0.47731
12/20/2020,0.56223,N/A,0.57281,0.56909,0.54827
12/19/2020,0.57277,N/A,0.57276,0.57665,0.56518
12/18/2020,0.57452,N/A,0.58116,0.58539,0.56653
12/17/2020,0.58297,N/A,0.55668,0.61238,0.5516
12/16/2020,0.55887,N/A,0.44521,0.58249,0.5477
12/15/2020,0.44754,N/A,0.50112,0.46808,0.43985
12/14/2020,0.49461,N/A,0.51309,0.50706,0.49461
12/13/2020,0.50557,N/A,0.48747,0.5181,0.50397
12/12/2020,0.49194,N/A,0.53587,0.50988,0.48652
12/11/2020,0.5316,N/A,0.55672,0.54739,0.51058
12/10/2020,0.55806,N/A,0.57381,0.5736,0.54624
12/09/2020,0.57865,N/A,0.54835,0.58669,0.56613
12/08/2020,0.55381,N/A,0.60526,0.56415,0.54694
12/07/2020,0.60534,N/A,0.61514,0.61018,0.60388
12/06/2020,0.61424,N/A,0.61287,0.62317,0.60825
12/05/2020,0.61526,N/A,0.57157,0.62717,0.58533
12/04/2020,0.57862,N/A,0.61659,0.5796,0.54901
12/03/2020,0.61569,N/A,0.62055,0.63388,0.60906
12/02/2020,0.6213,N/A,0.60326,0.63701,0.61664
12/01/2020,0.60263,N/A,0.64533,0.62145,0.59552
11/30/2020,0.64917,N/A,0.62918,0.66866,0.64487
11/29/2020,0.62311,N/A,0.61058,0.64533,0.60533
11/28/2020,0.61357,N/A,0.54765,0.63024,0.58557
11/27/2020,0.54328,N/A,0.54226,0.57617,0.54032
11/26/2020,0.54255,N/A,0.5526,0.58549,0.52189
11/25/2020,0.5505,N/A,0.62401,0.65095,0.52829
11/24/2020,0.64049,N/A,0.68617,0.70711,0.62057
11/23/2020,0.67466,N/A,0.45703,0.67779,0.5813
11/22/2020,0.45584,N/A,0.44723,0.46644,0.43287
11/21/2020,0.45063,N/A,0.33658,0.49544,0.41079
11/20/2020,0.33733,N/A,0.30292,0.34401,0.32957
11/19/2020,0.30327,N/A,0.29177,0.30509,0.3005
11/18/2020,0.292,N/A,0.3012,0.29601,0.28959
11/17/2020,0.30032,N/A,0.29868,0.30782,0.29436
11/16/2020,0.2969,N/A,0.2687,0.29705,0.28731
11/15/2020,0.26797,N/A,0.27089,0.2711,0.26763
11/14/2020,0.27036,N/A,0.27257,0.27666,0.26813
11/13/2020,0.27222,N/A,0.2556,0.2771,0.26404
11/12/2020,0.25592,N/A,0.25673,0.25697,0.25435
11/11/2020,0.25646,N/A,0.25469,0.2566,0.25315
11/10/2020,0.255,N/A,0.2521,0.25879,0.25228
11/09/2020,0.25262,N/A,0.2518,0.25269,0.24807
11/08/2020,0.25182,N/A,0.25043,0.25613,0.25113
11/07/2020,0.25159,N/A,0.26427,0.25197,0.24737
11/06/2020,0.26259,N/A,0.24859,0.26725,0.25849
11/05/2020,0.24962,N/A,0.23929,0.25301,0.24512
11/04/2020,0.23983,N/A,0.23837,0.24127,0.23749
11/03/2020,0.23873,N/A,0.22995,0.24039,0.23611
11/02/2020,0.22979,N/A,0.24073,0.23674,0.22803
11/01/2020,0.24026,N/A,0.23874,0.24455,0.23948
10/31/2020,0.23857,N/A,0.2388,0.24123,0.23854
10/30/2020,0.23832,N/A,0.24087,0.24004,0.23756
10/29/2020,0.24074,N/A,0.24682,0.24389,0.24062
10/28/2020,0.24642,N/A,0.25342,0.24667,0.24438
10/27/2020,0.25433,N/A,0.24887,0.25667,0.25171
10/26/2020,0.24871,N/A,0.25691,0.24978,0.24765
10/25/2020,0.25722,N/A,0.25669,0.25904,0.25266
10/24/2020,0.2569,N/A,0.25442,0.25708,0.25464
10/23/2020,0.25457,N/A,0.25828,0.25551,0.25336
10/22/2020,0.2582,N/A,0.25538,0.25917,0.25485
10/21/2020,0.25563,N/A,0.24867,0.2576,0.25083
10/20/2020,0.24748,N/A,0.24912,0.24758,0.24261
10/19/2020,0.24968,N/A,0.24054,0.25021,0.24478
10/18/2020,0.24135,N/A,0.2411,0.24287,0.24126
10/17/2020,0.24106,N/A,0.2425,0.24157,0.24007
10/16/2020,0.242,N/A,0.24684,0.24208,0.23869
10/15/2020,0.24649,N/A,0.24727,0.24784,0.24478
10/14/2020,0.24723,N/A,0.25661,0.24912,0.24553
10/13/2020,0.25761,N/A,0.25541,0.25831,0.25556
10/12/2020,0.25565,N/A,0.25551,0.25646,0.254
10/11/2020,0.25579,N/A,0.25418,0.25579,0.25417
10/10/2020,0.25392,N/A,0.25744,0.25565,0.25327
10/09/2020,0.25735,N/A,0.25145,0.25803,0.25288
10/08/2020,0.25165,N/A,0.24715,0.25223,0.25009
10/07/2020,0.24731,N/A,0.24361,0.24917,0.2468
10/06/2020,0.24407,N/A,0.25781,0.24562,0.24097
10/05/2020,0.25818,N/A,0.24981,0.25916,0.25014
10/04/2020,0.25022,N/A,0.23211,0.2542,0.24787
10/03/2020,0.23228,N/A,0.23424,0.23359,0.23152
10/02/2020,0.23399,N/A,0.23862,0.23427,0.23277
10/01/2020,0.23795,N/A,0.24197,0.23831,0.23659
09/30/2020,0.24207,N/A,0.24054,0.243,0.24149
09/29/2020,0.2409,N/A,0.24154,0.24288,0.24035
09/28/2020,0.24171,N/A,0.24459,0.24268,0.24014
09/27/2020,0.24475,N/A,0.24417,0.2463,0.2432
09/26/2020,0.24429,N/A,0.24397,0.24438,0.24129
09/25/2020,0.24405,N/A,0.232,0.24546,0.24142
09/24/2020,0.23236,N/A,0.22353,0.23339,0.23135
09/23/2020,0.22365,N/A,0.23355,0.22431,0.21955
09/22/2020,0.23258,N/A,0.23186,0.23382,0.23229
09/21/2020,0.23153,N/A,0.24661,0.2339,0.22942
09/20/2020,0.24656,N/A,0.24938,0.24808,0.24431
09/19/2020,0.25012,N/A,0.25077,0.25131,0.24874
09/18/2020,0.24886,N/A,0.25185,0.25104,0.24841
09/17/2020,0.2535,N/A,0.25165,0.25384,0.25058
09/16/2020,0.25132,N/A,0.24113,0.25821,0.24678
09/15/2020,0.23996,N/A,0.24694,0.24331,0.23431
09/14/2020,0.24694,N/A,0.24296,0.24939,0.24502
09/13/2020,0.24294,N/A,0.25258,0.24369,0.23915
09/12/2020,0.25106,N/A,0.2425,0.25106,0.24687
09/11/2020,0.24257,N/A,0.23844,0.24265,0.24105
09/10/2020,0.23879,N/A,0.24563,0.24441,0.23701
09/09/2020,0.2456,N/A,0.23468,0.24695,0.23888
09/08/2020,0.23373,N/A,0.2408,0.23735,0.23312
09/07/2020,0.24107,N/A,0.23875,0.24355,0.2405
09/06/2020,0.23849,N/A,0.23392,0.24285,0.23724
09/05/2020,0.23478,N/A,0.25302,0.23867,0.23342
09/04/2020,0.25361,N/A,0.2491,0.25941,0.2523
09/03/2020,0.24939,N/A,0.27159,0.25117,0.24113
09/02/2020,0.27115,N/A,0.29834,0.27647,0.27096
09/01/2020,0.2984,N/A,0.28328,0.30373,0.29504
08/31/2020,0.28336,N/A,0.28375,0.28344,0.27632
08/30/2020,0.28379,N/A,0.2774,0.2845,0.28293
08/29/2020,0.27747,N/A,0.26999,0.27844,0.27381
08/28/2020,0.26974,N/A,0.26656,0.2729,0.26872
08/27/2020,0.26569,N/A,0.2753,0.26752,0.26005
08/26/2020,0.27618,N/A,0.27726,0.27826,0.2748
08/25/2020,0.27628,N/A,0.28633,0.27827,0.27435
08/24/2020,0.28643,N/A,0.28569,0.28957,0.28538
08/23/2020,0.28554,N/A,0.28226,0.28591,0.28236
08/22/2020,0.28205,N/A,0.27877,0.28794,0.28171
08/21/2020,0.27808,N/A,0.29478,0.27942,0.27353
08/20/2020,0.29266,N/A,0.28708,0.29309,0.28688
08/19/2020,0.28828,N/A,0.29331,0.29261,0.28694
08/18/2020,0.29383,N/A,0.31742,0.30587,0.29318
08/17/2020,0.31793,N/A,0.30171,0.32152,0.31468
08/16/2020,0.30236,N/A,0.29939,0.3056,0.29746
08/15/2020,0.30044,N/A,0.30027,0.30467,0.29591
08/14/2020,0.29991,N/A,0.29331,0.30522,0.29927
08/13/2020,0.29391,N/A,0.28347,0.30068,0.29097
08/12/2020,0.28294,N/A,0.28014,0.28586,0.28146
08/11/2020,0.27955,N/A,0.3026,0.28316,0.27529
08/10/2020,0.3024,N/A,0.2946,0.30713,0.29445
08/09/2020,0.29471,N/A,0.29546,0.29523,0.28795
08/08/2020,0.29545,N/A,0.29249,0.29828,0.2943
08/07/2020,0.29295,N/A,0.30423,0.29653,0.29155
08/06/2020,0.30477,N/A,0.29933,0.30673,0.30203
08/05/2020,0.29899,N/A,0.29596,0.30356,0.29792
08/04/2020,0.29556,N/A,0.31018,0.30228,0.29175
08/03/2020,0.3083,N/A,0.29314,0.31873,0.30812
08/02/2020,0.29365,N/A,0.32408,0.29948,0.28482
08/01/2020,0.32424,N/A,0.2609,0.32431,0.28975
07/31/2020,0.26105,N/A,0.24203,0.26148,0.25576
07/30/2020,0.24201,N/A,0.24027,0.24646,0.24188
07/29/2020,0.24018,N/A,0.24383,0.24329,0.23742
07/28/2020,0.24195,N/A,0.22215,0.24317,0.22955
07/27/2020,0.22203,N/A,0.21712,0.22664,0.22084
07/26/2020,0.21741,N/A,0.22009,0.2201,0.21517
07/25/2020,0.2202,N/A,0.20705,0.22116,0.21295
07/24/2020,0.20725,N/A,0.20719,0.20817,0.20367
07/23/2020,0.20721,N/A,0.20305,0.2085,0.206
07/22/2020,0.20313,N/A,0.19842,0.20527,0.20245
07/21/2020,0.19839,N/A,0.19651,0.1995,0.1982
07/20/2020,0.19626,N/A,0.19914,0.19639,0.19399
07/19/2020,0.19892,N/A,0.19795,0.20008,0.19843
07/18/2020,0.19811,N/A,0.1948,0.20198,0.19708
07/17/2020,0.19459,N/A,0.193,0.19527,0.19403
07/16/2020,0.19262,N/A,0.19676,0.19475,0.19249
07/15/2020,0.19668,N/A,0.19841,0.19752,0.1961
07/14/2020,0.19866,N/A,0.19739,0.19974,0.1986
07/13/2020,0.19795,N/A,0.19939,0.19871,0.19683
07/12/2020,0.1994,N/A,0.20174,0.20161,0.19903
07/11/2020,0.20197,N/A,0.20221,0.20312,0.20113
07/10/2020,0.20189,N/A,0.20008,0.2046,0.19874
07/09/2020,0.19952,N/A,0.20013,0.20264,0.19912
07/08/2020,0.20012,N/A,0.19983,0.20544,0.1981
07/07/2020,0.19898,N/A,0.18759,0.1998,0.18402
07/06/2020,0.18769,N/A,0.17699,0.18957,0.18719
07/05/2020,0.17681,N/A,0.17679,0.17751,0.17645
07/04/2020,0.17671,N/A,0.17768,0.17876,0.17646
07/03/2020,0.17774,N/A,0.17526,0.17869,0.17604
07/02/2020,0.17597,N/A,0.17566,0.17712,0.17539
07/01/2020,0.17703,N/A,0.17576,0.1771,0.17608
06/30/2020,0.17529,N/A,0.17686,0.17599,0.17393
06/29/2020,0.1769,N/A,0.17683,0.17756,0.17667
06/28/2020,0.17681,N/A,0.17449,0.1778,0.1764
06/27/2020,0.17432,N/A,0.18288,0.17514,0.17349
06/26/2020,0.1829,N/A,0.18265,0.18332,0.18187
06/25/2020,0.18292,N/A,0.18048,0.18321,0.181
06/24/2020,0.18014,N/A,0.18938,0.18406,0.17897
06/23/2020,0.18942,N/A,0.18915,0.18967,0.18882
06/22/2020,0.18923,N/A,0.1879,0.19042,0.18851
06/21/2020,0.18768,N/A,0.18773,0.18814,0.18584
06/20/2020,0.18758,N/A,0.18843,0.1884,0.18749
06/19/2020,0.18851,N/A,0.18805,0.18894,0.18678
06/18/2020,0.18755,N/A,0.19194,0.19002,0.18715
06/17/2020,0.19199,N/A,0.19157,0.1932,0.19139
06/16/2020,0.19159,N/A,0.19369,0.19245,0.19109
06/15/2020,0.19363,N/A,0.1863,0.19389,0.19091
06/14/2020,0.1921,N/A,0.19145,0.19248,0.1906
06/13/2020,0.19175,N/A,0.19197,0.19248,0.19163
06/12/2020,0.19235,N/A,0.19086,0.19326,0.19178
06/11/2020,0.19101,N/A,0.20261,0.1919,0.1871
06/10/2020,0.20251,N/A,0.2014,0.20343,0.20228
06/09/2020,0.20143,N/A,0.20316,0.20215,0.20108
06/08/2020,0.20327,N/A,0.20292,0.20499,0.20075
06/07/2020,0.20277,N/A,0.2045,0.20355,0.20234
06/06/2020,0.20464,N/A,0.20317,0.20495,0.20332
06/05/2020,0.20274,N/A,0.20393,0.20323,0.20144
06/04/2020,0.20298,N/A,0.20296,0.20713,0.20121
06/03/2020,0.20692,N/A,0.20197,0.20695,0.20353
06/02/2020,0.20207,N/A,0.21023,0.20356,0.20125
06/01/2020,0.21022,N/A,0.20524,0.21196,0.20941
05/31/2020,0.20586,N/A,0.20022,0.2076,0.20257
05/30/2020,0.20326,N/A,0.19773,0.2076,0.20257
05/29/2020,0.1975,N/A,0.20017,0.19774,0.19611
05/28/2020,0.20061,N/A,0.19686,0.2028,0.19986
05/27/2020,0.19688,N/A,0.19438,0.19838,0.1967
05/26/2020,0.19461,N/A,0.1955,0.19509,0.19367
05/25/2020,0.19573,N/A,0.194,0.19691,0.19446
05/24/2020,0.19394,N/A,0.19985,0.19452,0.19047
05/23/2020,0.20,N/A,0.20131,0.20045,0.19846
05/22/2020,0.20106,N/A,0.1928,0.20212,0.20031
05/21/2020,0.19304,N/A,0.20122,0.1954,0.19292
05/20/2020,0.20123,N/A,0.20474,0.20309,0.20111
05/19/2020,0.20408,N/A,0.20169,0.20549,0.20399
05/18/2020,0.20135,N/A,0.2064,0.2054,0.20119
05/17/2020,0.20651,N/A,0.20059,0.20732,0.20131
05/16/2020,0.20086,N/A,0.19889,0.20111,0.19888
05/15/2020,0.19967,N/A,0.20092,0.2008,0.19678
05/14/2020,0.20062,N/A,0.202,0.20455,0.19764
05/13/2020,0.2018,N/A,0.1984,0.20265,0.20074
05/12/2020,0.19865,N/A,0.19476,0.19948,0.19666
05/11/2020,0.19465,N/A,0.19735,0.19529,0.19132
05/10/2020,0.19583,N/A,0.2207,0.21649,0.18239
05/09/2020,0.19501,N/A,0.2204,0.21649,0.18239
05/08/2020,0.2203,N/A,0.21894,0.22117,0.21727
05/07/2020,0.21893,N/A,0.21501,0.22182,0.2174
05/06/2020,0.21514,N/A,0.21758,0.21718,0.21003
05/05/2020,0.21829,N/A,0.21842,0.21886,0.21512
05/04/2020,0.2186,N/A,0.21313,0.21971,0.21723
05/03/2020,0.21382,N/A,0.22599,0.22042,0.21037
05/02/2020,0.22615,N/A,0.21801,0.22647,0.22339
05/01/2020,0.21806,N/A,0.21318,0.21833,0.21621
04/30/2020,0.213,N/A,0.2355,0.21411,0.21128
04/29/2020,0.23455,N/A,0.21541,0.23455,0.22542
04/28/2020,0.21585,N/A,0.19649,0.21823,0.21386
04/27/2020,0.19665,N/A,0.19815,0.19751,0.19469
04/26/2020,0.19831,N/A,0.19495,0.19939,0.19619
04/25/2020,0.19492,N/A,0.19359,0.19535,0.1939
04/24/2020,0.19352,N/A,0.19523,0.19367,0.19183
04/23/2020,0.19524,N/A,0.18818,0.19627,0.19241
04/22/2020,0.18892,N/A,0.18363,0.19071,0.18726
04/21/2020,0.18368,N/A,0.1826,0.18464,0.1821
04/20/2020,0.1827,N/A,0.19301,0.18511,0.1814
04/19/2020,0.19326,N/A,0.19508,0.19414,0.18846
04/18/2020,0.19566,N/A,0.19068,0.19612,0.19344
04/17/2020,0.19049,N/A,0.18958,0.19151,0.18866
04/16/2020,0.1896,N/A,0.1784,0.19144,0.18846
04/15/2020,0.17833,N/A,0.18769,0.18058,0.17432
04/14/2020,0.18762,N/A,0.18772,0.18764,0.18462
04/13/2020,0.18759,N/A,0.18205,0.18849,0.1865
04/12/2020,0.1823,N/A,0.18703,0.18941,0.18089
04/11/2020,0.18727,N/A,0.19063,0.18954,0.18706
04/10/2020,0.19066,N/A,0.19555,0.19107,0.18743
04/09/2020,0.19581,N/A,0.19877,0.19873,0.19581
04/08/2020,0.19883,N/A,0.19888,0.20229,0.19839
04/07/2020,0.19965,N/A,0.19856,0.20039,0.19163
04/06/2020,0.19783,N/A,0.18104,0.20459,0.19553
04/05/2020,0.1807,N/A,0.1805,0.1812,0.17931
04/04/2020,0.18062,N/A,0.17904,0.18201,0.18048
04/03/2020,0.17881,N/A,0.17868,0.17993,0.17785
04/02/2020,0.17871,N/A,0.17521,0.17988,0.17784
04/01/2020,0.17486,N/A,0.17401,0.17648,0.1742
03/31/2020,0.17383,N/A,0.17214,0.1743,0.17181
03/30/2020,0.17243,N/A,0.16662,0.17338,0.17105
03/29/2020,0.1666,N/A,0.17448,0.16775,0.16256
03/28/2020,0.17472,N/A,0.16825,0.17651,0.17061
03/27/2020,0.16839,N/A,0.17674,0.17403,0.1667
03/26/2020,0.17584,N/A,0.16181,0.17927,0.17347
03/25/2020,0.1616,N/A,0.16036,0.16296,0.16035
03/24/2020,0.16055,N/A,0.15826,0.16356,0.15998
03/23/2020,0.15859,N/A,0.15145,0.16134,0.15822
03/22/2020,0.1518,N/A,0.15925,0.15233,0.14544
03/21/2020,0.16092,N/A,0.15888,0.161,0.15656
03/20/2020,0.15831,N/A,0.16169,0.16098,0.15449
03/19/2020,0.15901,N/A,0.14526,0.1666,0.15779
03/18/2020,0.14595,N/A,0.14765,0.14856,0.14445
03/17/2020,0.14856,N/A,0.14672,0.14863,0.14627
03/16/2020,0.14673,N/A,0.15282,0.15061,0.13994
03/15/2020,0.15046,N/A,0.14621,0.15314,0.14912
03/14/2020,0.14609,N/A,0.15792,0.14729,0.14479
03/13/2020,0.15815,N/A,0.12898,0.15974,0.15397
03/12/2020,0.13956,N/A,0.20024,0.15093,0.1057
03/11/2020,0.19859,N/A,0.21145,0.20973,0.19857
03/10/2020,0.21256,N/A,0.20733,0.2137,0.21116
03/09/2020,0.20849,N/A,0.20728,0.21002,0.207
03/08/2020,0.20688,N/A,0.23027,0.21048,0.20323
03/07/2020,0.23228,N/A,0.24392,0.23622,0.23021
03/06/2020,0.24303,N/A,0.23972,0.24489,0.24265
03/05/2020,0.23931,N/A,0.23557,0.24138,0.23825
03/04/2020,0.23311,N/A,0.23489,0.23816,0.23215
03/03/2020,0.23593,N/A,0.23866,0.23625,0.23281
03/02/2020,0.23706,N/A,0.22854,0.2396,0.2355
03/01/2020,0.22967,N/A,0.23339,0.22986,0.22605
02/29/2020,0.23299,N/A,0.24021,0.23564,0.229
02/28/2020,0.24023,N/A,0.23975,0.2403,0.23594
02/27/2020,0.24066,N/A,0.23037,0.24375,0.23812
02/26/2020,0.22987,N/A,0.24177,0.2306,0.22391
02/25/2020,0.24301,N/A,0.2678,0.25495,0.23564
02/24/2020,0.26791,N/A,0.27384,0.27056,0.26712
02/23/2020,0.27338,N/A,0.27908,0.28411,0.27241
02/22/2020,0.27875,N/A,0.27223,0.28081,0.27484
02/21/2020,0.27191,N/A,0.27526,0.27551,0.2716
02/20/2020,0.27488,N/A,0.27823,0.27799,0.2688
02/19/2020,0.27725,N/A,0.29545,0.28145,0.27348
02/18/2020,0.29545,N/A,0.2941,0.29851,0.29288
02/17/2020,0.2759,N/A,0.30434,0.29478,0.27037
02/16/2020,0.27677,N/A,0.31668,0.29478,0.27315
02/15/2020,0.31666,N/A,0.33634,0.31879,0.29991
02/14/2020,0.33698,N/A,0.32287,0.34553,0.3325
02/13/2020,0.32275,N/A,0.32454,0.3324,0.32079
02/12/2020,0.32477,N/A,0.28716,0.33307,0.30374
02/11/2020,0.28744,N/A,0.26856,0.2882,0.28106
02/10/2020,0.26846,N/A,0.27872,0.27362,0.26764
02/09/2020,0.27907,N/A,0.28034,0.28316,0.27733
02/08/2020,0.28019,N/A,0.27385,0.28143,0.27697
02/07/2020,0.27395,N/A,0.28279,0.27985,0.26479
02/06/2020,0.28244,N/A,0.28287,0.28804,0.2811
02/05/2020,0.28304,N/A,0.27964,0.28567,0.27303
02/04/2020,0.27933,N/A,0.25074,0.28038,0.26719
02/03/2020,0.25082,N/A,0.25193,0.25796,0.25026
02/02/2020,0.25219,N/A,0.23905,0.25908,0.2497
02/01/2020,0.23934,N/A,0.24095,0.24132,0.23619
01/31/2020,0.24174,N/A,0.24141,0.24294,0.23894
01/30/2020,0.24111,N/A,0.23474,0.2444,0.24023
01/29/2020,0.23491,N/A,0.23914,0.23549,0.23123
01/28/2020,0.2388,N/A,0.2332,0.23981,0.23773
01/27/2020,0.2335,N/A,0.22849,0.23576,0.23085
01/26/2020,0.22852,N/A,0.22079,0.23329,0.2283
01/25/2020,0.22078,N/A,0.21818,0.22238,0.21823
01/24/2020,0.21806,N/A,0.22054,0.22259,0.21688
01/23/2020,0.2203,N/A,0.23123,0.22618,0.21802
01/22/2020,0.23126,N/A,0.23711,0.23726,0.23094
01/21/2020,0.23693,N/A,0.23869,0.23863,0.23458
01/20/2020,0.23932,N/A,0.23186,0.24175,0.23164
01/19/2020,0.23224,N/A,0.24965,0.23637,0.2307
01/18/2020,0.24835,N/A,0.23496,0.24839,0.24138
01/17/2020,0.23504,N/A,0.23356,0.24193,0.23376
01/16/2020,0.23274,N/A,0.22612,0.23488,0.22672
01/15/2020,0.226,N/A,0.22812,0.23497,0.22272
01/14/2020,0.23063,N/A,0.21826,0.24313,0.22879
01/13/2020,0.21855,N/A,0.21232,0.21893,0.21133
01/12/2020,0.21251,N/A,0.21368,0.21551,0.21133
01/11/2020,0.21375,N/A,0.21138,0.215,0.20971
01/10/2020,0.21152,N/A,0.202,0.21469,0.21063
01/09/2020,0.20157,N/A,0.20686,0.20474,0.2005
01/08/2020,0.20676,N/A,0.21326,0.20871,0.20603
01/07/2020,0.21314,N/A,0.21445,0.21761,0.2119
01/06/2020,0.2144,N/A,0.19696,0.22505,0.2143
01/05/2020,0.19699,N/A,0.19512,0.19742,0.19428
01/04/2020,0.19506,N/A,0.19246,0.1954,0.19289
01/03/2020,0.19239,N/A,0.19043,0.19346,0.19196
01/02/2020,0.1903,N/A,0.19126,0.19143,0.18464
01/01/2020,0.1911,N/A,0.19362,0.1931,0.19087
12/31/2019,0.19373,N/A,0.19307,0.19428,0.19223
12/30/2019,0.19315,N/A,0.19584,0.19401,0.19255
12/29/2019,0.19562,N/A,0.19177,0.19674,0.19498
12/28/2019,0.19168,N/A,0.19157,0.19345,0.19107
12/27/2019,0.18882,N/A,0.192,0.18994,0.18539
12/26/2019,0.18928,N/A,0.18781,0.18994,0.18897
12/25/2019,0.18785,N/A,0.19005,0.18921,0.18761
12/24/2019,0.18999,N/A,0.19141,0.19127,0.18852
12/23/2019,0.19143,N/A,0.19655,0.19214,0.18886
12/22/2019,0.19669,N/A,0.19176,0.1982,0.19624
12/21/2019,0.19188,N/A,0.19328,0.19255,0.19046
12/20/2019,0.19345,N/A,0.1859,0.19595,0.19198
12/19/2019,0.18597,N/A,0.18984,0.18799,0.18516
12/18/2019,0.18971,N/A,0.18576,0.19692,0.18868
12/17/2019,0.1855,N/A,0.19606,0.18833,0.18187
12/16/2019,0.19719,N/A,0.21363,0.2057,0.19171
12/15/2019,0.21355,N/A,0.21643,0.21763,0.2124
12/14/2019,0.21645,N/A,0.22027,0.21654,0.21505
12/13/2019,0.22036,N/A,0.21931,0.22071,0.21991
12/12/2019,0.21966,N/A,0.21832,0.21997,0.21838
12/11/2019,0.21818,N/A,0.22112,0.22254,0.21734
12/10/2019,0.2212,N/A,0.22332,0.22357,0.2205
12/09/2019,0.22349,N/A,0.22856,0.22525,0.22247
12/08/2019,0.22901,N/A,0.22469,0.23015,0.22754
12/07/2019,0.22462,N/A,0.22651,0.22787,0.22386
12/06/2019,0.22675,N/A,0.22139,0.22793,0.22497
12/05/2019,0.22093,N/A,0.21345,0.22397,0.22019
12/04/2019,0.21352,N/A,0.21274,0.21612,0.21212
12/03/2019,0.21317,N/A,0.22008,0.21953,0.21214
12/02/2019,0.2197,N/A,0.2231,0.22169,0.2186
12/01/2019,0.22323,N/A,0.21945,0.22611,0.22226
11/30/2019,0.22045,N/A,0.22984,0.22556,0.21876
11/29/2019,0.22899,N/A,0.22542,0.23186,0.2288
11/28/2019,0.22492,N/A,0.22645,0.22579,0.2227
11/27/2019,0.22706,N/A,0.21973,0.22914,0.2237
11/26/2019,0.21987,N/A,0.22052,0.22359,0.2182
11/25/2019,0.21817,N/A,0.21165,0.21937,0.21379
11/24/2019,0.21178,N/A,0.23006,0.22153,0.20268
11/23/2019,0.22913,N/A,0.23027,0.23455,0.22913
11/22/2019,0.23062,N/A,0.24357,0.23075,0.22655
11/21/2019,0.24239,N/A,0.25144,0.24569,0.24218
11/20/2019,0.25132,N/A,0.25637,0.25347,0.24897
11/19/2019,0.25096,N/A,0.25431,0.25313,0.24355
11/18/2019,0.25185,N/A,0.26101,0.25313,0.25086
11/17/2019,0.26075,N/A,0.26259,0.2631,0.26052
11/16/2019,0.26261,N/A,0.26119,0.26309,0.26157
11/15/2019,0.26083,N/A,0.26422,0.2618,0.25937
11/14/2019,0.26457,N/A,0.27186,0.27217,0.26398
11/13/2019,0.27149,N/A,0.27135,0.27269,0.27148
11/12/2019,0.27108,N/A,0.27483,0.27248,0.2703
11/11/2019,0.27433,N/A,0.27973,0.27623,0.27377
11/10/2019,0.27985,N/A,0.27756,0.28105,0.27914
11/09/2019,0.27714,N/A,0.2772,0.27989,0.27684
11/08/2019,0.27838,N/A,0.29003,0.27865,0.27471
11/07/2019,0.29077,N/A,0.30366,0.29084,0.28798
11/06/2019,0.30068,N/A,0.29848,0.31422,0.29745
11/05/2019,0.29883,N/A,0.30057,0.30081,0.29708
11/04/2019,0.30044,N/A,0.29031,0.30416,0.29793
11/03/2019,0.29142,N/A,0.29537,0.2916,0.28928
11/02/2019,0.29456,N/A,0.29329,0.29586,0.2944
11/01/2019,0.29274,N/A,0.29269,0.29448,0.29133
10/31/2019,0.29295,N/A,0.29535,0.29448,0.29242
10/30/2019,0.29391,N/A,0.3044,0.29838,0.29211
10/29/2019,0.30325,N/A,0.29689,0.30527,0.30077
10/28/2019,0.29654,N/A,0.30404,0.29655,0.29441
10/27/2019,0.30058,N/A,0.29106,0.30443,0.29726
10/26/2019,0.28998,N/A,0.30798,0.29563,0.28991
10/25/2019,0.30623,N/A,0.27632,0.312,0.29739
10/24/2019,0.2767,N/A,0.26961,0.27718,0.27471
10/23/2019,0.26987,N/A,0.2909,0.2733,0.26872
10/22/2019,0.28994,N/A,0.29238,0.29119,0.28817
10/21/2019,0.29235,N/A,0.2908,0.29249,0.29071
10/20/2019,0.29141,N/A,0.28469,0.29407,0.29041
10/19/2019,0.28585,N/A,0.29034,0.29172,0.28208
10/18/2019,0.29015,N/A,0.29947,0.29474,0.28985
10/17/2019,0.29939,N/A,0.28146,0.30187,0.29812
10/16/2019,0.28165,N/A,0.29043,0.28453,0.28101
10/15/2019,0.2894,N/A,0.29556,0.29202,0.28818
10/14/2019,0.297,N/A,0.28268,0.29878,0.29428
10/13/2019,0.28475,N/A,0.27438,0.28551,0.2765
10/12/2019,0.27466,N/A,0.27114,0.27585,0.27164
10/11/2019,0.27123,N/A,0.27017,0.27307,0.26728
10/10/2019,0.26954,N/A,0.27692,0.27148,0.26772
10/09/2019,0.27656,N/A,0.27545,0.2817,0.27598
10/08/2019,0.27579,N/A,0.28274,0.27967,0.27471
10/07/2019,0.282,N/A,0.25545,0.28277,0.2748
10/06/2019,0.25166,N/A,0.25376,0.25512,0.25104
10/05/2019,0.25234,N/A,0.25171,0.25337,0.25104
10/04/2019,0.25131,N/A,0.24623,0.25252,0.25097
10/03/2019,0.24865,N/A,0.25168,0.24941,0.24493
10/02/2019,0.25179,N/A,0.24754,0.25292,0.25019
10/01/2019,0.24774,N/A,0.2579,0.24893,0.24724
09/30/2019,0.25759,N/A,0.23966,0.25759,0.25271
09/29/2019,0.23925,N/A,0.24112,0.24043,0.23769
09/28/2019,0.24115,N/A,0.24196,0.24225,0.24053
09/27/2019,0.24183,N/A,0.23861,0.24429,0.24109
09/26/2019,0.23734,N/A,0.24354,0.24343,0.23734
09/25/2019,0.24214,N/A,0.24224,0.24597,0.24183
09/24/2019,0.24044,N/A,0.26763,0.24354,0.23323
09/23/2019,0.26829,N/A,0.27433,0.26922,0.26444
09/22/2019,0.27515,N/A,0.28116,0.27706,0.27442
09/21/2019,0.28071,N/A,0.29497,0.28983,0.27921
09/20/2019,0.29629,N/A,0.29278,0.29728,0.29245
09/19/2019,0.29419,N/A,0.30155,0.30151,0.28934
09/18/2019,0.30316,N/A,0.30909,0.31348,0.298
09/17/2019,0.30384,N/A,0.26101,0.30625,0.28523
09/16/2019,0.26004,N/A,0.26219,0.26143,0.25975
09/15/2019,0.26232,N/A,0.26215,0.26299,0.26024
09/14/2019,0.26182,N/A,0.25459,0.26276,0.26131
09/13/2019,0.25472,N/A,0.25335,0.25548,0.25427
09/12/2019,0.25387,N/A,0.25451,0.25463,0.25328
09/11/2019,0.25433,N/A,0.25687,0.25559,0.25429
09/10/2019,0.25764,N/A,0.26012,0.2604,0.25669
09/09/2019,0.26131,N/A,0.25938,0.26396,0.25664
09/08/2019,0.26075,N/A,0.26055,0.26262,0.26044
09/07/2019,0.26045,N/A,0.25117,0.26104,0.25989
09/06/2019,0.25139,N/A,0.25496,0.25147,0.2503
09/05/2019,0.25521,N/A,0.25816,0.25658,0.2552
09/04/2019,0.258,N/A,0.26096,0.25852,0.25754
08/16/2019,0.26222,N/A,0.26175,0.26501,0.25534
08/15/2019,0.26387,N/A,0.26455,0.26501,0.26303
08/14/2019,0.2643,N/A,0.29558,0.26724,0.2632
08/13/2019,0.2961,N/A,0.30039,0.29853,0.29514
08/11/2019,0.30579,N/A,0.30004,0.30591,0.29551
08/10/2019,0.30036,N/A,0.30142,0.3026,0.29915
08/06/2019,0.31763,N/A,0.32672,0.32398,0.31544
08/05/2019,0.31863,N/A,0.32026,0.32229,0.3175
08/04/2019,0.32016,N/A,0.31663,0.32067,0.31828
08/03/2019,0.3166,N/A,0.31307,0.31682,0.31544
08/02/2019,0.31561,N/A,0.31447,0.31567,0.31104
08/01/2019,0.31462,N/A,0.31698,0.31594,0.31363
07/31/2019,0.31601,N/A,0.31992,0.31967,0.31568
07/30/2019,0.31848,N/A,0.30784,0.32044,0.31792
07/29/2019,0.30882,N/A,0.3126,0.31089,0.30882
07/28/2019,0.31169,N/A,0.31001,0.31422,0.31038
07/27/2019,0.30976,N/A,0.32535,0.30994,0.30859
07/26/2019,0.32375,N/A,0.3099,0.32587,0.32219
07/25/2019,0.30915,N/A,0.31992,0.31341,0.3088
07/24/2019,0.31961,N/A,0.30667,0.3219,0.31487
07/23/2019,0.30521,N/A,0.31727,0.30891,0.30412
07/22/2019,0.31797,N/A,0.32842,0.32125,0.317
07/21/2019,0.32858,N/A,0.33442,0.33213,0.32752
07/20/2019,0.33033,N/A,0.32087,0.33469,0.3302
07/19/2019,0.3217,N/A,0.31885,0.32306,0.31854
07/18/2019,0.32009,N/A,0.31316,0.32197,0.31855
07/17/2019,0.31204,N/A,0.29758,0.3134,0.30718
07/16/2019,0.2944,N/A,0.31749,0.29852,0.2933
07/15/2019,0.31428,N/A,0.30401,0.3194,0.31285
07/14/2019,0.30186,N/A,0.33282,0.30437,0.29498
07/13/2019,0.33261,N/A,0.34041,0.33506,0.33032
07/12/2019,0.3403,N/A,0.33069,0.34423,0.33816
07/11/2019,0.32988,N/A,0.35949,0.33112,0.32621
07/10/2019,0.35909,N/A,0.3956,0.36235,0.35493
07/09/2019,0.3952,N/A,0.40299,0.39611,0.39228
07/08/2019,0.4052,N/A,0.39433,0.40631,0.40059
07/07/2019,0.39397,N/A,0.38887,0.39682,0.39314
07/06/2019,0.38875,N/A,0.38295,0.39075,0.38725
07/05/2019,0.38301,N/A,0.38554,0.38398,0.37877
07/04/2019,0.38653,N/A,0.40188,0.3888,0.38608
07/03/2019,0.40196,N/A,0.40343,0.40452,0.40148
07/02/2019,0.40385,N/A,0.40069,0.40511,0.39815
07/01/2019,0.4017,N/A,0.41359,0.41065,0.39927
06/30/2019,0.41631,N/A,0.42505,0.4212,0.39376
06/29/2019,0.42491,N/A,0.41512,0.42827,0.42346
06/28/2019,0.41013,N/A,0.40824,0.42625,0.40903
06/27/2019,0.4104,N/A,0.46078,0.41723,0.40736
06/26/2019,0.45999,N/A,0.47115,0.47071,0.45811
06/25/2019,0.46865,N/A,0.47439,0.47482,0.4614
06/24/2019,0.47273,N/A,0.4584,0.47639,0.47105
06/23/2019,0.45893,N/A,0.48466,0.47018,0.451
06/22/2019,0.48377,N/A,0.44805,0.49215,0.47688
06/21/2019,0.44812,N/A,0.43712,0.4494,0.44022
06/20/2019,0.43688,N/A,0.43299,0.44178,0.42973
06/19/2019,0.43306,N/A,0.42913,0.43421,0.43204
06/18/2019,0.42755,N/A,0.44434,0.42956,0.42432
06/17/2019,0.44835,N/A,0.42814,0.45471,0.4446
06/16/2019,0.42816,N/A,0.41189,0.43139,0.42721
06/15/2019,0.41029,N/A,0.4057,0.4104,0.40683
06/14/2019,0.40725,N/A,0.39405,0.40837,0.40039
06/13/2019,0.39406,N/A,0.40492,0.39973,0.39329
06/12/2019,0.40437,N/A,0.38772,0.40797,0.39857
06/11/2019,0.38816,N/A,0.39479,0.39207,0.38752
06/10/2019,0.3949,N/A,0.38384,0.40176,0.39397
06/09/2019,0.38512,N/A,0.40425,0.38581,0.38064
06/08/2019,0.4047,N/A,0.42148,0.40844,0.40379
06/07/2019,0.41843,N/A,0.41558,0.42205,0.41817
06/06/2019,0.41594,N/A,0.40239,0.42033,0.41434
06/05/2019,0.40264,N/A,0.39845,0.40356,0.39933
06/04/2019,0.39846,N/A,0.4153,0.4028,0.39707
06/03/2019,0.4146,N/A,0.44176,0.41877,0.40051
06/02/2019,0.44201,N/A,0.43148,0.4441,0.43935
06/01/2019,0.43245,N/A,0.43836,0.43449,0.42786
05/31/2019,0.43815,N/A,0.42169,0.44121,0.43276
05/30/2019,0.42117,N/A,0.44222,0.42637,0.41732
05/29/2019,0.43981,N/A,0.44134,0.45116,0.43597
05/28/2019,0.43757,N/A,0.43217,0.44861,0.43539
05/27/2019,0.43309,N/A,0.40945,0.43918,0.42618
05/26/2019,0.40557,N/A,0.38352,0.41541,0.40447
05/25/2019,0.38499,N/A,0.38604,0.39103,0.38339
05/24/2019,0.38531,N/A,0.37724,0.3866,0.38124
05/23/2019,0.37688,N/A,0.37476,0.38167,0.37664
05/22/2019,0.37208,N/A,0.3973,0.37557,0.37146
05/21/2019,0.39834,N/A,0.39264,0.40906,0.39523
05/20/2019,0.39167,N/A,0.39691,0.40426,0.39016
05/19/2019,0.3983,N/A,0.38259,0.41542,0.39403
05/18/2019,0.3838,N/A,0.38084,0.3884,0.3708
05/17/2019,0.38045,N/A,0.40591,0.39294,0.37653
05/16/2019,0.40243,N/A,0.47518,0.42271,0.40176
05/15/2019,0.46817,N/A,0.43536,0.47574,0.45364
05/14/2019,0.43054,N/A,0.36539,0.4486,0.40908
05/13/2019,0.3688,N/A,0.31874,0.37287,0.32271
05/12/2019,0.31837,N/A,0.31405,0.32307,0.30893
05/11/2019,0.32085,N/A,0.29939,0.32541,0.29929
05/10/2019,0.30059,N/A,0.29458,0.30089,0.29929
05/09/2019,0.29551,N/A,0.30151,0.29612,0.29408
05/08/2019,0.30139,N/A,0.29959,0.30188,0.29976
05/07/2019,0.29967,N/A,0.30517,0.30097,0.29688
05/06/2019,0.30529,N/A,0.29936,0.30666,0.30294
05/05/2019,0.29903,N/A,0.30149,0.30244,0.29903
05/04/2019,0.30379,N/A,0.30361,0.30994,0.30175
05/03/2019,0.3127,N/A,0.30361,0.3127,0.30175
03/18/2019,0.31415,N/A,0.31655,0.31948,0.31241
03/17/2019,0.31613,N/A,0.32014,0.31902,0.31445
03/16/2019,0.31856,N/A,0.31537,0.32277,0.31494
03/15/2019,0.31535,N/A,0.31217,0.31665,0.31117
03/14/2019,0.31188,N/A,0.31649,0.3168,0.30686
03/13/2019,0.31652,N/A,0.3112,0.3252,0.30781
03/12/2019,0.31039,N/A,0.31039,0.31157,0.30641
03/11/2019,0.3102,N/A,0.31286,0.31447,0.30799
03/10/2019,0.31295,N/A,0.31388,0.31692,0.30933
03/09/2019,0.31388,N/A,0.30802,0.31886,0.30746
03/08/2019,0.30802,N/A,0.31324,0.31624,0.3052
