"Date","Facebook","Instagram","Pinterest","YouTube","Twitter","VKontakte","Tumblr","reddit","LinkedIn","Vimeo","news.ycombinator.com","Other"
2022-01,62.11,12.36,10.87,5.64,4.79,1.78,1.41,0.58,0.31,0.12,0.03,0
2022-02,49.07,15.15,14.67,8.19,7.71,2.55,0.96,1.02,0.35,0.27,0.04,0.01
2022-03,67.25,9.25,5.87,8.95,6.27,1.01,0.44,0.75,0.14,0.08,0,0
2022-04,56.75,15.06,10.4,7.46,6.72,2.05,0.6,0.78,0.08,0.05,0.05,0
2022-05,59.7,13.13,12.59,6.52,5.54,1.04,0.45,0.85,0.12,0.02,0.03,0.01
2022-06,59.79,11.44,12.82,8.11,5.33,1.02,0.47,0.83,0.15,0,0.03,0
2022-07,60.05,12.16,10.51,8.72,5.95,1.17,0.52,0.75,0.11,0.01,0.03,0
2022-08,52.79,14.82,13.06,9.59,6.86,1.15,0.33,1.17,0.19,0,0.03,0.01
2022-09,50.25,17,14.77,9.22,6.62,0.96,0.28,0.76,0.12,0,0.02,0
2022-10,38.52,19.68,15.34,17.12,6.7,1.07,0.86,0.52,0.12,0,0.05,0
2022-11,43.34,20.87,12.78,11.62,5.46,1.27,2.85,1.53,0.21,0,0.06,0
2022-12,50.82,22.86,8.69,6.64,7.41,1.33,1.24,0.77,0.21,0,0.03,0
