"Date","Facebook","Twitter","Instagram","Pinterest","YouTube","LinkedIn","Tumblr","reddit","VKontakte","Other"
2021-01,54.14,27.54,6.93,7.97,2.75,0.56,0.03,0.05,0.01,0.01
2021-02,45.53,30.3,11.05,8.5,3.7,0.79,0.04,0.05,0.01,0.03
2021-03,54.27,23.93,11.81,7.71,1.71,0.47,0.04,0.04,0.02,0
2021-04,45.41,31.83,11.1,8.34,2.34,0.57,0.19,0.07,0.13,0.02
2021-05,58.72,24.64,5.76,7.4,2.39,0.6,0.35,0.09,0.05,0.01
2021-06,64.09,8.66,15.69,7.36,3.21,0.41,0.48,0.07,0.03,0.01
2021-07,73.59,2.9,15.78,4.91,1.81,0.45,0.49,0.04,0.02,0.01
2021-08,78.04,2.78,11.89,4.6,1.81,0.35,0.48,0.04,0.01,0.01
2021-09,80.99,0.61,10.07,5.59,2.07,0.27,0.3,0.06,0.03,0.01
2021-10,90.39,0.16,4.67,2.74,1.81,0.09,0.09,0.04,0.01,0
2021-11,84.33,0.16,10.64,2.54,2.09,0.12,0.05,0.05,0.01,0
2021-12,90.85,0.13,5.04,1.98,1.81,0.12,0.03,0.04,0.01,0
