"Date","Facebook","Pinterest","Instagram","YouTube","Twitter","VKontakte","Tumblr","reddit","LinkedIn","Google+","StumbleUpon","Other"
2019-01,59.16,24.06,5.09,4.8,4.44,1.84,0.23,0.06,0.12,0.18,0,0.02
2019-02,50.92,27.07,6.91,9.43,3.34,1.73,0.18,0.08,0.14,0.16,0,0.02
2019-03,52.69,23.06,10.42,6.76,5.09,1.51,0.14,0.09,0.08,0.14,0,0.01
2019-04,60.5,19.4,5.82,10.02,2.84,1.08,0.13,0.07,0.08,0.04,0,0.02
2019-05,53.11,20.25,6.14,14.8,3.59,1.67,0.15,0.13,0.14,0,0,0.01
2019-06,60.96,20.82,4,8,4.06,1.64,0.18,0.13,0.1,0.06,0,0.05
2019-07,58.81,23.85,5.38,6.48,3.4,1.69,0.23,0.08,0.08,0,0,0.01
2019-08,63.66,23.09,5.11,3.13,2.75,1.84,0.28,0.07,0.06,0,0,0.01
2019-09,66.87,17.76,6.61,3.35,3.03,1.4,0.47,0.16,0.16,0.1,0.08,0.02
2019-10,64.05,14.45,11.52,3.2,4.68,1.38,0.17,0.18,0.14,0.12,0.08,0.03
2019-11,76.17,10.37,7.51,1.92,2.97,0.79,0.07,0.08,0.05,0.03,0.03,0.01
2019-12,77.62,9.95,7.15,1.61,3.06,0.49,0.04,0.04,0.02,0.01,0,0.01
