"Date","Facebook","Instagram","YouTube","Twitter","Pinterest","reddit","LinkedIn","Tumblr","VKontakte","Other"
2022-01,67.9,11.35,13.98,3.8,2.32,0.24,0.27,0.1,0.02,0.02
2022-02,59.42,18.32,15.68,4.1,1.89,0.29,0.22,0.05,0.02,0.02
2022-03,64.54,19.24,11.11,3.32,1.29,0.22,0.21,0.04,0.01,0.01
2022-04,69.4,15.77,10.02,3.04,1.32,0.19,0.2,0.04,0.01,0.02
2022-05,64.07,20.59,11.51,2.32,1.1,0.22,0.15,0.02,0.01,0.01
2022-06,57.21,26.24,12.48,2.47,1.16,0.29,0.12,0.02,0.01,0
2022-07,59.9,27.21,8.92,2.52,1.03,0.21,0.15,0.03,0.01,0.01
2022-08,56.1,30.6,8.98,2.84,1.05,0.23,0.16,0.01,0.01,0.01
2022-09,54.34,31.75,9.56,2.78,1.2,0.19,0.16,0.02,0.01,0
2022-10,58.93,29.09,7.4,3.12,1.17,0.11,0.13,0.03,0.01,0
2022-11,57.7,33.06,5.44,2.38,1.05,0.18,0.12,0.05,0.01,0.01
2022-12,59.37,31.13,5.66,2.67,0.89,0.12,0.12,0.03,0.01,0
