"Date","Facebook","Instagram","YouTube","Pinterest","Twitter","reddit","LinkedIn","VKontakte","Tumblr","news.ycombinator.com","Vimeo","Other"
2024-08,33.14,25.52,21.71,5.66,7.04,3.22,3.18,0.34,0.12,0.03,0.03,0.01
2024-09,31.67,27.56,20.24,7.32,6.98,2.87,2.61,0.42,0.15,0.02,0.16,0.01
2024-10,27.65,28.66,20.63,9.05,7.84,2.26,3.12,0.51,0.28,0,0,0.01
2024-11,32.47,27.66,18.82,7.26,8.65,1.94,2.54,0.35,0.28,0.02,0,0.02
2024-12,35.36,26.64,22.21,8.92,4.3,1.18,0.87,0.23,0.25,0.02,0,0.01
2025-01,25.7,29.34,28.13,8.67,5.67,1.04,0.8,0.38,0.25,0.02,0,0.01
2025-02,45.81,22.43,18.73,7.99,3.32,0.79,0.47,0.23,0.2,0.03,0,0.01
2025-03,43.81,25.57,19.11,4.57,5.48,0.82,0.23,0.2,0.2,0.01,0,0.01
2025-04,39.13,23.71,24.39,4.71,6.59,0.71,0.34,0.24,0.13,0.04,0,0.01
2025-05,40.86,25,22.85,4.39,4.91,0.96,0.45,0.27,0.27,0,0.03,0.01
2025-06,49.98,17.8,24.41,2.58,3.37,0.84,0.51,0.2,0.29,0.02,0,0.01
2025-07,52.35,16.59,25.14,1.08,3.23,0.6,0.58,0.13,0.29,0.01,0,0
2025-08,43.97,16.18,34.98,1.21,3.16,0.16,0.14,0.09,0.09,0,0,0.01
