"Date","Facebook","Twitter","Instagram","YouTube","Pinterest","LinkedIn","reddit","Tumblr","VKontakte","Other"
2022-01,84.71,5.36,4.62,2.07,2.91,0.2,0.08,0.04,0.02,0.02
2022-02,76.25,11.74,5.95,2.18,3.54,0.21,0.1,0.03,0.01,0.01
2022-03,81.27,9.03,5,1.7,2.69,0.17,0.08,0.03,0.01,0.01
2022-04,65.9,12.36,7.98,9.56,3.82,0.2,0.12,0.04,0,0.01
2022-05,67.41,15.14,7.35,4.3,5.3,0.27,0.18,0.01,0.02,0.01
2022-06,63.86,17.29,8.78,5.02,4.57,0.24,0.2,0.02,0.02,0.01
2022-07,54.62,18.35,18.16,3.5,4.79,0.32,0.21,0.02,0.01,0.01
2022-08,66.66,12.81,11.91,4.77,3.4,0.22,0.13,0.01,0.1,0.01
2022-09,44.12,20.62,22.6,5.88,6.2,0.38,0.17,0.01,0.01,0
2022-10,43.27,23.49,19.59,6.8,6.3,0.37,0.11,0.04,0.02,0.01
2022-11,45.41,23.99,17.02,5.5,7.13,0.51,0.27,0.13,0.02,0.01
2022-12,48.61,21.51,16.61,6.32,6.34,0.31,0.22,0.06,0.01,0
