"Date","Facebook","Twitter","Instagram","YouTube","Pinterest","LinkedIn","reddit","Tumblr","VKontakte","Other"
2024-08,43.24,16.57,16.99,12.76,8.74,1.12,0.52,0.02,0.04,0.01
2024-09,45.65,18.62,13.96,11.02,9.05,1.04,0.49,0.12,0.04,0.02
2024-10,65.18,12.79,9.57,6.43,5.13,0.46,0.32,0.1,0.02,0
2024-11,67.47,18.3,6.56,3.85,3.25,0.32,0.17,0.06,0.01,0
2024-12,55.29,26.31,8.88,4.26,4.53,0.34,0.25,0.11,0.02,0
2025-01,63.33,8.7,9.4,12.55,5.17,0.52,0.22,0.09,0.02,0
2025-02,78.22,6.98,6.38,3.88,3.88,0.41,0.16,0.08,0.02,0
2025-03,68.67,10.06,8.23,8.25,3.82,0.54,0.28,0.13,0.02,0
2025-04,72.94,8.82,6.7,8.25,2.6,0.38,0.24,0.03,0.03,0.01
2025-05,69.09,9.12,7.79,10.41,2.72,0.49,0.27,0.06,0.05,0.01
2025-06,61.58,11.99,11.18,11.12,2.86,0.57,0.53,0.11,0.06,0
2025-07,62.71,10.84,13.36,9.32,2.34,0.88,0.33,0.19,0.01,0.01
2025-08,49.33,17.59,19.85,8.4,3.16,1.35,0.15,0.15,0.01,0
