"Date","Facebook","Instagram","YouTube","Pinterest","Twitter","VKontakte","LinkedIn","reddit","Tumblr","Other"
2020-01,84.68,6.66,2.95,3.56,1.98,0.07,0.03,0.04,0.02,0
2020-02,83.26,8.16,2.14,4.02,2.2,0.08,0.04,0.06,0.03,0
2020-03,85.97,6.45,2.14,2.94,2.36,0.04,0.04,0.05,0.01,0
2020-04,87.36,4.88,2.53,2.74,2.32,0.03,0.04,0.08,0.02,0
2020-05,91.31,2.37,2.48,2.57,1.13,0.03,0.05,0.03,0.03,0
2020-06,90.44,2.49,2.69,2.44,1.8,0.01,0.05,0.02,0.05,0
2020-07,88.68,2.65,4.75,2.7,1.09,0.01,0.06,0.02,0.03,0
2020-08,77.82,3.07,4.8,3.46,1.35,9.37,0.06,0.02,0.03,0
2020-09,81.68,4.02,6.34,4.3,1.64,1.86,0.08,0.03,0.05,0
2020-10,78.58,4.27,8.54,6.05,2.31,0.05,0.12,0.03,0.04,0
2020-11,77.95,4.59,8.09,6.03,3.02,0.06,0.17,0.04,0.04,0.01
2020-12,79.69,3.35,8.12,6.06,2.55,0.02,0.11,0.04,0.04,0.01
