"Date","Facebook","Pinterest","Instagram","Twitter","YouTube","VKontakte","Tumblr","reddit","LinkedIn","news.ycombinator.com","Other"
2020-01,45.16,21.05,19.11,10.18,3.19,0.93,0.1,0.15,0.11,0.01,0
2020-02,36.67,38.35,14.49,5.83,3.49,0.8,0.07,0.12,0.15,0,0.02
2020-03,42.46,23.43,17.51,8.98,6.37,0.77,0.1,0.21,0.13,0.01,0.03
2020-04,47.03,21.2,15.75,7.92,6.69,1.01,0.18,0.13,0.05,0.01,0.03
2020-05,57.68,28.88,5.23,2.04,4.53,1.12,0.3,0.11,0.07,0.02,0.02
2020-06,57.54,30.32,3.55,2.44,4.32,0.9,0.68,0.14,0.1,0.02,0.01
2020-07,58.59,26.92,4.42,3.22,4.68,1.51,0.37,0.12,0.11,0.05,0.01
2020-08,57.6,28.04,3.6,3.42,4.72,2.08,0.28,0.11,0.11,0.03,0.01
2020-09,61.6,22.51,6.31,2.28,4.3,1.88,0.46,0.34,0.3,0.03,0
2020-10,61.57,24.23,5.36,2.26,3.93,1.77,0.31,0.25,0.28,0.03,0.01
2020-11,72.9,14.88,5.67,1.96,2.58,1.28,0.22,0.2,0.23,0.02,0.07
2020-12,71.83,12.98,7.57,3.59,2.67,1.12,0.07,0.06,0.07,0.03,0.01
